255, 255, 0, 255, 255, 0, 255, 255, 0, 255, 255, 0, 255, 255, 0, 255, 255, 0, 255, 255, 0, 255, 255, 0, 255, 255, 0, 255, 255, 0, 255, 255, 0, 255, 255, 0, 255, 255, 0, 255, 255, 0, 255, 255, 0, 255, 255, 0, 255, 255, 0, 255, 255, 0, 
255, 255, 0, 255, 255, 0, 255, 255, 0, 255, 255, 0, 255, 255, 0, 255, 255, 0, 255, 255, 0, 255, 255, 0, 255, 255, 0, 255, 255, 0, 255, 255, 0, 255, 255, 0, 255, 255, 0, 255, 255, 0, 255, 255, 0, 255, 255, 0, 255, 255, 0, 255, 255, 0, 
255, 255, 0, 255, 255, 0, 255, 255, 0, 255, 255, 0, 255, 255, 0, 255, 255, 0, 255, 255, 0, 255, 255, 0, 255, 255, 0, 255, 255, 0, 255, 255, 0, 255, 255, 0, 255, 255, 0, 255, 255, 0, 255, 255, 0, 255, 255, 0, 255, 255, 0, 255, 255, 0, 
255, 255, 0, 255, 255, 0, 255, 255, 0, 255, 255, 0, 255, 255, 0, 255, 255, 0, 255, 255, 0, 255, 255, 0, 255, 255, 0, 255, 255, 0, 255, 255, 0, 255, 255, 0, 255, 255, 0, 255, 255, 0, 255, 255, 0, 255, 255, 0, 255, 255, 0, 255, 255, 0, 
255, 255, 0, 255, 255, 0, 255, 255, 0, 255, 255, 0, 255, 255, 0, 255, 255, 0, 255, 255, 0, 255, 255, 0, 255, 255, 0, 255, 255, 0, 255, 255, 0, 255, 255, 0, 255, 255, 0, 255, 255, 0, 255, 255, 0, 255, 255, 0, 255, 255, 0, 255, 255, 0, 
255, 255, 0, 255, 255, 0, 255, 255, 0, 255, 255, 0, 255, 255, 0, 255, 255, 0, 255, 255, 0, 255, 255, 0, 255, 255, 0, 255, 255, 0, 255, 255, 0, 255, 255, 0, 255, 255, 0, 255, 255, 0, 255, 255, 0, 255, 255, 0, 255, 255, 0, 255, 255, 0, 
255, 255, 0, 255, 255, 0, 255, 255, 0, 255, 255, 0, 255, 255, 0, 255, 255, 0, 255, 255, 0, 255, 255, 0, 255, 255, 0, 255, 255, 0, 255, 255, 0, 255, 255, 0, 255, 255, 0, 255, 255, 0, 255, 255, 0, 255, 255, 0, 255, 255, 0, 255, 255, 0, 
255, 255, 0, 255, 255, 0, 255, 255, 0, 255, 255, 0, 255, 255, 0, 255, 255, 0, 255, 255, 0, 255, 255, 0, 255, 255, 0, 255, 255, 0, 255, 255, 0, 255, 255, 0, 255, 255, 0, 255, 255, 0, 255, 255, 0, 255, 255, 0, 255, 255, 0, 255, 255, 0, 
255, 255, 0, 255, 255, 0, 255, 255, 0, 255, 255, 0, 255, 255, 0, 255, 255, 0, 255, 255, 0, 255, 255, 0, 255, 255, 0, 255, 255, 0, 255, 255, 0, 255, 255, 0, 255, 255, 0, 255, 255, 0, 255, 255, 0, 255, 255, 0, 255, 255, 0, 255, 255, 0, 
255, 255, 0, 255, 255, 0, 255, 255, 0, 255, 255, 0, 255, 255, 0, 255, 255, 0, 255, 255, 0, 255, 255, 0, 255, 255, 0, 255, 255, 0, 255, 255, 0, 255, 255, 0, 255, 255, 0, 255, 255, 0, 255, 255, 0, 255, 255, 0, 255, 255, 0, 255, 255, 0, 
255, 255, 0, 255, 255, 0, 255, 255, 0, 255, 255, 0, 255, 255, 0, 255, 255, 0, 255, 255, 0, 255, 255, 0, 255, 255, 0, 255, 255, 0, 255, 255, 0, 255, 255, 0, 255, 255, 0, 255, 255, 0, 255, 255, 0, 255, 255, 0, 255, 255, 0, 255, 255, 0, 
255, 255, 0, 255, 255, 0, 255, 255, 0, 255, 255, 0, 255, 255, 0, 226, 226, 0, 160, 160, 0, 116, 116, 0, 109, 109, 0, 138, 138, 0, 199, 199, 0, 249, 249, 0, 255, 255, 0, 234, 234, 0, 180, 180, 0, 138, 138, 0, 160, 160, 0, 249, 249, 0, 
255, 255, 0, 255, 255, 0, 255, 255, 0, 250, 250, 0, 159, 159, 0, 42, 42, 0, 2, 2, 0, 0, 0, 0, 0, 0, 0, 0, 0, 0, 17, 17, 0, 114, 114, 0, 160, 160, 0, 53, 53, 0, 5, 5, 0, 0, 0, 0, 46, 46, 0, 232, 232, 0, 
255, 255, 0, 255, 255, 0, 254, 254, 0, 147, 147, 0, 11, 11, 0, 2, 2, 0, 57, 57, 0, 124, 124, 0, 130, 130, 0, 74, 74, 0, 9, 9, 0, 2, 2, 0, 5, 5, 0, 13, 13, 0, 66, 66, 0, 107, 107, 0, 131, 131, 0, 232, 232, 0, 
255, 255, 0, 255, 255, 0, 201, 201, 0, 25, 25, 0, 0, 0, 0, 104, 104, 0, 235, 235, 0, 255, 255, 0, 255, 255, 0, 246, 246, 0, 143, 143, 0, 11, 11, 0, 0, 0, 0, 112, 112, 0, 246, 246, 0, 255, 255, 0, 255, 255, 0, 255, 255, 0, 
255, 255, 0, 255, 255, 0, 111, 111, 0, 0, 0, 0, 50, 50, 0, 230, 230, 0, 255, 255, 0, 255, 255, 0, 255, 255, 0, 255, 255, 0, 248, 248, 0, 91, 91, 0, 0, 0, 0, 67, 67, 0, 243, 243, 0, 255, 255, 0, 255, 255, 0, 255, 255, 0, 
255, 255, 0, 244, 244, 0, 61, 61, 0, 0, 0, 0, 109, 109, 0, 255, 255, 0, 255, 255, 0, 255, 255, 0, 255, 255, 0, 255, 255, 0, 255, 255, 0, 164, 164, 0, 0, 0, 0, 28, 28, 0, 221, 221, 0, 255, 255, 0, 255, 255, 0, 255, 255, 0, 
255, 255, 0, 241, 241, 0, 54, 54, 0, 0, 0, 0, 112, 112, 0, 255, 255, 0, 255, 255, 0, 255, 255, 0, 255, 255, 0, 255, 255, 0, 255, 255, 0, 170, 170, 0, 1, 1, 0, 26, 26, 0, 218, 218, 0, 255, 255, 0, 255, 255, 0, 255, 255, 0, 
255, 255, 0, 251, 251, 0, 84, 84, 0, 0, 0, 0, 59, 59, 0, 238, 238, 0, 255, 255, 0, 255, 255, 0, 255, 255, 0, 255, 255, 0, 253, 253, 0, 107, 107, 0, 0, 0, 0, 53, 53, 0, 238, 238, 0, 255, 255, 0, 255, 255, 0, 255, 255, 0, 
255, 255, 0, 255, 255, 0, 164, 164, 0, 6, 6, 0, 5, 5, 0, 129, 129, 0, 245, 245, 0, 255, 255, 0, 255, 255, 0, 252, 252, 0, 165, 165, 0, 17, 17, 0, 0, 0, 0, 132, 132, 0, 255, 255, 0, 255, 255, 0, 255, 255, 0, 255, 255, 0, 
255, 255, 0, 255, 255, 0, 242, 242, 0, 93, 93, 0, 0, 0, 0, 8, 8, 0, 80, 80, 0, 154, 154, 0, 163, 163, 0, 102, 102, 0, 18, 18, 0, 0, 0, 0, 66, 66, 0, 229, 229, 0, 255, 255, 0, 255, 255, 0, 255, 255, 0, 255, 255, 0, 
255, 255, 0, 255, 255, 0, 255, 255, 0, 230, 230, 0, 63, 63, 0, 0, 0, 0, 0, 0, 0, 0, 0, 0, 0, 0, 0, 0, 0, 0, 8, 8, 0, 83, 83, 0, 217, 217, 0, 255, 255, 0, 255, 255, 0, 255, 255, 0, 255, 255, 0, 255, 255, 0, 
255, 255, 0, 255, 255, 0, 255, 255, 0, 176, 176, 0, 23, 23, 0, 53, 53, 0, 121, 121, 0, 84, 84, 0, 78, 78, 0, 107, 107, 0, 176, 176, 0, 243, 243, 0, 255, 255, 0, 255, 255, 0, 255, 255, 0, 255, 255, 0, 255, 255, 0, 255, 255, 0, 
255, 255, 0, 255, 255, 0, 228, 228, 0, 46, 46, 0, 16, 16, 0, 192, 192, 0, 255, 255, 0, 252, 252, 0, 251, 251, 0, 254, 254, 0, 255, 255, 0, 255, 255, 0, 255, 255, 0, 255, 255, 0, 255, 255, 0, 255, 255, 0, 255, 255, 0, 255, 255, 0, 
255, 255, 0, 255, 255, 0, 184, 184, 0, 5, 5, 0, 29, 29, 0, 211, 211, 0, 255, 255, 0, 255, 255, 0, 255, 255, 0, 255, 255, 0, 255, 255, 0, 255, 255, 0, 255, 255, 0, 255, 255, 0, 255, 255, 0, 255, 255, 0, 255, 255, 0, 255, 255, 0, 
255, 255, 0, 255, 255, 0, 196, 196, 0, 14, 14, 0, 0, 0, 0, 48, 48, 0, 112, 112, 0, 131, 131, 0, 126, 126, 0, 117, 117, 0, 111, 111, 0, 122, 122, 0, 153, 153, 0, 204, 204, 0, 247, 247, 0, 255, 255, 0, 255, 255, 0, 255, 255, 0, 
255, 255, 0, 255, 255, 0, 246, 246, 0, 105, 105, 0, 1, 1, 0, 0, 0, 0, 0, 0, 0, 0, 0, 0, 0, 0, 0, 0, 0, 0, 0, 0, 0, 0, 0, 0, 0, 0, 0, 18, 18, 0, 97, 97, 0, 225, 225, 0, 255, 255, 0, 255, 255, 0, 
255, 255, 0, 255, 255, 0, 238, 238, 0, 108, 108, 0, 10, 10, 0, 78, 78, 0, 109, 109, 0, 93, 93, 0, 81, 81, 0, 76, 76, 0, 77, 77, 0, 73, 73, 0, 40, 40, 0, 4, 4, 0, 0, 0, 0, 87, 87, 0, 244, 244, 0, 255, 255, 0, 
255, 255, 0, 241, 241, 0, 95, 95, 0, 7, 7, 0, 128, 128, 0, 245, 245, 0, 255, 255, 0, 254, 254, 0, 251, 251, 0, 250, 250, 0, 251, 251, 0, 249, 249, 0, 229, 229, 0, 106, 106, 0, 0, 0, 0, 12, 12, 0, 192, 192, 0, 255, 255, 0, 
255, 255, 0, 160, 160, 0, 2, 2, 0, 57, 57, 0, 238, 238, 0, 255, 255, 0, 255, 255, 0, 255, 255, 0, 255, 255, 0, 255, 255, 0, 255, 255, 0, 255, 255, 0, 255, 255, 0, 206, 206, 0, 18, 18, 0, 0, 0, 0, 165, 165, 0, 255, 255, 0, 
255, 255, 0, 103, 103, 0, 0, 0, 0, 65, 65, 0, 244, 244, 0, 255, 255, 0, 255, 255, 0, 255, 255, 0, 255, 255, 0, 255, 255, 0, 255, 255, 0, 255, 255, 0, 255, 255, 0, 184, 184, 0, 10, 10, 0, 9, 9, 0, 188, 188, 0, 255, 255, 0, 
255, 255, 0, 130, 130, 0, 0, 0, 0, 10, 10, 0, 134, 134, 0, 235, 235, 0, 255, 255, 0, 255, 255, 0, 255, 255, 0, 255, 255, 0, 255, 255, 0, 248, 248, 0, 191, 191, 0, 55, 55, 0, 0, 0, 0, 67, 67, 0, 239, 239, 0, 255, 255, 0, 
255, 255, 0, 220, 220, 0, 56, 56, 0, 0, 0, 0, 5, 5, 0, 50, 50, 0, 105, 105, 0, 138, 138, 0, 153, 153, 0, 149, 149, 0, 125, 125, 0, 74, 74, 0, 16, 16, 0, 0, 0, 0, 43, 43, 0, 198, 198, 0, 255, 255, 0, 255, 255, 0, 
255, 255, 0, 255, 255, 0, 217, 217, 0, 102, 102, 0, 29, 29, 0, 3, 3, 0, 0, 0, 0, 0, 0, 0, 0, 0, 0, 0, 0, 0, 0, 0, 0, 2, 2, 0, 27, 27, 0, 102, 102, 0, 213, 213, 0, 255, 255, 0, 255, 255, 0, 255, 255, 0, 
255, 255, 0, 255, 255, 0, 255, 255, 0, 251, 251, 0, 219, 219, 0, 177, 177, 0, 143, 143, 0, 124, 124, 0, 116, 116, 0, 119, 119, 0, 137, 137, 0, 172, 172, 0, 218, 218, 0, 251, 251, 0, 255, 255, 0, 255, 255, 0, 255, 255, 0, 255, 255, 0, 
255, 255, 0, 255, 255, 0, 255, 255, 0, 255, 255, 0, 255, 255, 0, 255, 255, 0, 255, 255, 0, 255, 255, 0, 255, 255, 0, 255, 255, 0, 255, 255, 0, 255, 255, 0, 255, 255, 0, 255, 255, 0, 255, 255, 0, 255, 255, 0, 255, 255, 0, 255, 255, 0, 
