255, 255, 0, 255, 255, 0, 255, 255, 0, 255, 255, 0, 255, 255, 0, 255, 255, 0, 255, 255, 0, 255, 255, 0, 255, 255, 0, 255, 255, 0, 255, 255, 0, 255, 255, 0, 255, 255, 0, 255, 255, 0, 255, 255, 0, 255, 255, 0, 255, 255, 0, 255, 255, 0, 
255, 255, 0, 255, 255, 0, 255, 255, 0, 255, 255, 0, 255, 255, 0, 255, 255, 0, 255, 255, 0, 255, 255, 0, 255, 255, 0, 255, 255, 0, 255, 255, 0, 255, 255, 0, 255, 255, 0, 255, 255, 0, 255, 255, 0, 255, 255, 0, 255, 255, 0, 255, 255, 0, 
255, 255, 0, 255, 255, 0, 255, 255, 0, 255, 255, 0, 255, 255, 0, 255, 255, 0, 255, 255, 0, 255, 255, 0, 255, 255, 0, 255, 255, 0, 255, 255, 0, 255, 255, 0, 255, 255, 0, 255, 255, 0, 255, 255, 0, 255, 255, 0, 255, 255, 0, 255, 255, 0, 
255, 255, 0, 255, 255, 0, 255, 255, 0, 255, 255, 0, 255, 255, 0, 255, 255, 0, 255, 255, 0, 255, 255, 0, 255, 255, 0, 255, 255, 0, 255, 255, 0, 255, 255, 0, 255, 255, 0, 255, 255, 0, 255, 255, 0, 255, 255, 0, 255, 255, 0, 255, 255, 0, 
255, 255, 0, 255, 255, 0, 183, 183, 0, 109, 109, 0, 114, 114, 0, 207, 207, 0, 255, 255, 0, 255, 255, 0, 255, 255, 0, 255, 255, 0, 255, 255, 0, 255, 255, 0, 255, 255, 0, 255, 255, 0, 255, 255, 0, 255, 255, 0, 255, 255, 0, 255, 255, 0, 
255, 255, 0, 255, 255, 0, 127, 127, 0, 0, 0, 0, 22, 22, 0, 211, 211, 0, 255, 255, 0, 255, 255, 0, 255, 255, 0, 255, 255, 0, 255, 255, 0, 255, 255, 0, 255, 255, 0, 255, 255, 0, 255, 255, 0, 255, 255, 0, 255, 255, 0, 255, 255, 0, 
255, 255, 0, 255, 255, 0, 127, 127, 0, 0, 0, 0, 26, 26, 0, 218, 218, 0, 255, 255, 0, 255, 255, 0, 255, 255, 0, 255, 255, 0, 255, 255, 0, 255, 255, 0, 255, 255, 0, 255, 255, 0, 255, 255, 0, 255, 255, 0, 255, 255, 0, 255, 255, 0, 
255, 255, 0, 255, 255, 0, 127, 127, 0, 0, 0, 0, 25, 25, 0, 217, 217, 0, 255, 255, 0, 255, 255, 0, 255, 255, 0, 255, 255, 0, 255, 255, 0, 255, 255, 0, 255, 255, 0, 255, 255, 0, 255, 255, 0, 255, 255, 0, 255, 255, 0, 255, 255, 0, 
255, 255, 0, 255, 255, 0, 127, 127, 0, 0, 0, 0, 24, 24, 0, 216, 216, 0, 255, 255, 0, 255, 255, 0, 255, 255, 0, 255, 255, 0, 255, 255, 0, 255, 255, 0, 255, 255, 0, 255, 255, 0, 255, 255, 0, 255, 255, 0, 255, 255, 0, 255, 255, 0, 
255, 255, 0, 255, 255, 0, 127, 127, 0, 0, 0, 0, 24, 24, 0, 216, 216, 0, 255, 255, 0, 255, 255, 0, 255, 255, 0, 255, 255, 0, 255, 255, 0, 255, 255, 0, 255, 255, 0, 255, 255, 0, 255, 255, 0, 255, 255, 0, 255, 255, 0, 255, 255, 0, 
255, 255, 0, 255, 255, 0, 127, 127, 0, 0, 0, 0, 24, 24, 0, 216, 216, 0, 255, 255, 0, 255, 255, 0, 255, 255, 0, 255, 255, 0, 255, 255, 0, 255, 255, 0, 255, 255, 0, 255, 255, 0, 255, 255, 0, 255, 255, 0, 255, 255, 0, 255, 255, 0, 
255, 255, 0, 255, 255, 0, 127, 127, 0, 0, 0, 0, 24, 24, 0, 216, 216, 0, 255, 255, 0, 252, 252, 0, 214, 214, 0, 160, 160, 0, 138, 138, 0, 157, 157, 0, 208, 208, 0, 251, 251, 0, 255, 255, 0, 255, 255, 0, 255, 255, 0, 255, 255, 0, 
255, 255, 0, 255, 255, 0, 127, 127, 0, 0, 0, 0, 24, 24, 0, 217, 217, 0, 234, 234, 0, 118, 118, 0, 26, 26, 0, 1, 1, 0, 0, 0, 0, 1, 1, 0, 22, 22, 0, 129, 129, 0, 245, 245, 0, 255, 255, 0, 255, 255, 0, 255, 255, 0, 
255, 255, 0, 255, 255, 0, 127, 127, 0, 0, 0, 0, 25, 25, 0, 184, 184, 0, 74, 74, 0, 0, 0, 0, 15, 15, 0, 45, 45, 0, 40, 40, 0, 8, 8, 0, 0, 0, 0, 6, 6, 0, 145, 145, 0, 255, 255, 0, 255, 255, 0, 255, 255, 0, 
255, 255, 0, 255, 255, 0, 127, 127, 0, 0, 0, 0, 16, 16, 0, 52, 52, 0, 10, 10, 0, 97, 97, 0, 198, 198, 0, 236, 236, 0, 232, 232, 0, 152, 152, 0, 21, 21, 0, 0, 0, 0, 44, 44, 0, 229, 229, 0, 255, 255, 0, 255, 255, 0, 
255, 255, 0, 255, 255, 0, 127, 127, 0, 0, 0, 0, 0, 0, 0, 11, 11, 0, 143, 143, 0, 248, 248, 0, 255, 255, 0, 255, 255, 0, 255, 255, 0, 255, 255, 0, 124, 124, 0, 0, 0, 0, 7, 7, 0, 182, 182, 0, 255, 255, 0, 255, 255, 0, 
255, 255, 0, 255, 255, 0, 127, 127, 0, 0, 0, 0, 0, 0, 0, 99, 99, 0, 249, 249, 0, 255, 255, 0, 255, 255, 0, 255, 255, 0, 255, 255, 0, 255, 255, 0, 194, 194, 0, 12, 12, 0, 0, 0, 0, 144, 144, 0, 255, 255, 0, 255, 255, 0, 
255, 255, 0, 255, 255, 0, 127, 127, 0, 0, 0, 0, 9, 9, 0, 184, 184, 0, 255, 255, 0, 255, 255, 0, 255, 255, 0, 255, 255, 0, 255, 255, 0, 255, 255, 0, 219, 219, 0, 27, 27, 0, 0, 0, 0, 123, 123, 0, 255, 255, 0, 255, 255, 0, 
255, 255, 0, 255, 255, 0, 127, 127, 0, 0, 0, 0, 23, 23, 0, 214, 214, 0, 255, 255, 0, 255, 255, 0, 255, 255, 0, 255, 255, 0, 255, 255, 0, 255, 255, 0, 226, 226, 0, 33, 33, 0, 0, 0, 0, 116, 116, 0, 255, 255, 0, 255, 255, 0, 
255, 255, 0, 255, 255, 0, 127, 127, 0, 0, 0, 0, 26, 26, 0, 218, 218, 0, 255, 255, 0, 255, 255, 0, 255, 255, 0, 255, 255, 0, 255, 255, 0, 255, 255, 0, 227, 227, 0, 33, 33, 0, 0, 0, 0, 115, 115, 0, 255, 255, 0, 255, 255, 0, 
255, 255, 0, 255, 255, 0, 127, 127, 0, 0, 0, 0, 26, 26, 0, 218, 218, 0, 255, 255, 0, 255, 255, 0, 255, 255, 0, 255, 255, 0, 255, 255, 0, 255, 255, 0, 226, 226, 0, 33, 33, 0, 0, 0, 0, 115, 115, 0, 255, 255, 0, 255, 255, 0, 
255, 255, 0, 255, 255, 0, 127, 127, 0, 0, 0, 0, 25, 25, 0, 218, 218, 0, 255, 255, 0, 255, 255, 0, 255, 255, 0, 255, 255, 0, 255, 255, 0, 255, 255, 0, 226, 226, 0, 33, 33, 0, 0, 0, 0, 114, 114, 0, 255, 255, 0, 255, 255, 0, 
255, 255, 0, 255, 255, 0, 127, 127, 0, 0, 0, 0, 25, 25, 0, 218, 218, 0, 255, 255, 0, 255, 255, 0, 255, 255, 0, 255, 255, 0, 255, 255, 0, 255, 255, 0, 226, 226, 0, 33, 33, 0, 0, 0, 0, 114, 114, 0, 255, 255, 0, 255, 255, 0, 
255, 255, 0, 255, 255, 0, 127, 127, 0, 0, 0, 0, 25, 25, 0, 218, 218, 0, 255, 255, 0, 255, 255, 0, 255, 255, 0, 255, 255, 0, 255, 255, 0, 255, 255, 0, 226, 226, 0, 32, 32, 0, 0, 0, 0, 114, 114, 0, 255, 255, 0, 255, 255, 0, 
255, 255, 0, 255, 255, 0, 127, 127, 0, 0, 0, 0, 25, 25, 0, 218, 218, 0, 255, 255, 0, 255, 255, 0, 255, 255, 0, 255, 255, 0, 255, 255, 0, 255, 255, 0, 225, 225, 0, 32, 32, 0, 0, 0, 0, 114, 114, 0, 255, 255, 0, 255, 255, 0, 
255, 255, 0, 255, 255, 0, 127, 127, 0, 0, 0, 0, 25, 25, 0, 218, 218, 0, 255, 255, 0, 255, 255, 0, 255, 255, 0, 255, 255, 0, 255, 255, 0, 255, 255, 0, 225, 225, 0, 32, 32, 0, 0, 0, 0, 114, 114, 0, 255, 255, 0, 255, 255, 0, 
255, 255, 0, 255, 255, 0, 127, 127, 0, 0, 0, 0, 25, 25, 0, 218, 218, 0, 255, 255, 0, 255, 255, 0, 255, 255, 0, 255, 255, 0, 255, 255, 0, 255, 255, 0, 225, 225, 0, 31, 31, 0, 0, 0, 0, 114, 114, 0, 255, 255, 0, 255, 255, 0, 
255, 255, 0, 255, 255, 0, 127, 127, 0, 0, 0, 0, 25, 25, 0, 218, 218, 0, 255, 255, 0, 255, 255, 0, 255, 255, 0, 255, 255, 0, 255, 255, 0, 255, 255, 0, 225, 225, 0, 31, 31, 0, 0, 0, 0, 113, 113, 0, 255, 255, 0, 255, 255, 0, 
255, 255, 0, 255, 255, 0, 205, 205, 0, 154, 154, 0, 165, 165, 0, 240, 240, 0, 255, 255, 0, 255, 255, 0, 255, 255, 0, 255, 255, 0, 255, 255, 0, 255, 255, 0, 243, 243, 0, 168, 168, 0, 153, 153, 0, 200, 200, 0, 255, 255, 0, 255, 255, 0, 
255, 255, 0, 255, 255, 0, 255, 255, 0, 255, 255, 0, 255, 255, 0, 255, 255, 0, 255, 255, 0, 255, 255, 0, 255, 255, 0, 255, 255, 0, 255, 255, 0, 255, 255, 0, 255, 255, 0, 255, 255, 0, 255, 255, 0, 255, 255, 0, 255, 255, 0, 255, 255, 0, 
255, 255, 0, 255, 255, 0, 255, 255, 0, 255, 255, 0, 255, 255, 0, 255, 255, 0, 255, 255, 0, 255, 255, 0, 255, 255, 0, 255, 255, 0, 255, 255, 0, 255, 255, 0, 255, 255, 0, 255, 255, 0, 255, 255, 0, 255, 255, 0, 255, 255, 0, 255, 255, 0, 
255, 255, 0, 255, 255, 0, 255, 255, 0, 255, 255, 0, 255, 255, 0, 255, 255, 0, 255, 255, 0, 255, 255, 0, 255, 255, 0, 255, 255, 0, 255, 255, 0, 255, 255, 0, 255, 255, 0, 255, 255, 0, 255, 255, 0, 255, 255, 0, 255, 255, 0, 255, 255, 0, 
255, 255, 0, 255, 255, 0, 255, 255, 0, 255, 255, 0, 255, 255, 0, 255, 255, 0, 255, 255, 0, 255, 255, 0, 255, 255, 0, 255, 255, 0, 255, 255, 0, 255, 255, 0, 255, 255, 0, 255, 255, 0, 255, 255, 0, 255, 255, 0, 255, 255, 0, 255, 255, 0, 
255, 255, 0, 255, 255, 0, 255, 255, 0, 255, 255, 0, 255, 255, 0, 255, 255, 0, 255, 255, 0, 255, 255, 0, 255, 255, 0, 255, 255, 0, 255, 255, 0, 255, 255, 0, 255, 255, 0, 255, 255, 0, 255, 255, 0, 255, 255, 0, 255, 255, 0, 255, 255, 0, 
255, 255, 0, 255, 255, 0, 255, 255, 0, 255, 255, 0, 255, 255, 0, 255, 255, 0, 255, 255, 0, 255, 255, 0, 255, 255, 0, 255, 255, 0, 255, 255, 0, 255, 255, 0, 255, 255, 0, 255, 255, 0, 255, 255, 0, 255, 255, 0, 255, 255, 0, 255, 255, 0, 
255, 255, 0, 255, 255, 0, 255, 255, 0, 255, 255, 0, 255, 255, 0, 255, 255, 0, 255, 255, 0, 255, 255, 0, 255, 255, 0, 255, 255, 0, 255, 255, 0, 255, 255, 0, 255, 255, 0, 255, 255, 0, 255, 255, 0, 255, 255, 0, 255, 255, 0, 255, 255, 0, 
