255, 255, 0, 255, 255, 0, 255, 255, 0, 255, 255, 0, 255, 255, 0, 255, 255, 0, 255, 255, 0, 255, 255, 0, 255, 255, 0, 255, 255, 0, 255, 255, 0, 255, 255, 0, 255, 255, 0, 255, 255, 0, 255, 255, 0, 255, 255, 0, 255, 255, 0, 255, 255, 0, 
255, 255, 0, 255, 255, 0, 255, 255, 0, 255, 255, 0, 255, 255, 0, 255, 255, 0, 255, 255, 0, 255, 255, 0, 255, 255, 0, 255, 255, 0, 255, 255, 0, 255, 255, 0, 255, 255, 0, 255, 255, 0, 255, 255, 0, 255, 255, 0, 255, 255, 0, 255, 255, 0, 
255, 255, 0, 255, 255, 0, 255, 255, 0, 255, 255, 0, 255, 255, 0, 255, 255, 0, 255, 255, 0, 255, 255, 0, 255, 255, 0, 255, 255, 0, 255, 255, 0, 255, 255, 0, 255, 255, 0, 255, 255, 0, 255, 255, 0, 255, 255, 0, 255, 255, 0, 255, 255, 0, 
255, 255, 0, 255, 255, 0, 255, 255, 0, 255, 255, 0, 255, 255, 0, 255, 255, 0, 255, 255, 0, 255, 255, 0, 255, 255, 0, 255, 255, 0, 255, 255, 0, 255, 255, 0, 255, 255, 0, 255, 255, 0, 255, 255, 0, 255, 255, 0, 255, 255, 0, 255, 255, 0, 
255, 255, 0, 255, 255, 0, 255, 255, 0, 255, 255, 0, 255, 255, 0, 255, 255, 0, 255, 255, 0, 255, 255, 0, 255, 255, 0, 255, 255, 0, 255, 255, 0, 255, 255, 0, 255, 255, 0, 255, 255, 0, 255, 255, 0, 255, 255, 0, 255, 255, 0, 255, 255, 0, 
255, 255, 0, 255, 255, 0, 255, 255, 0, 255, 255, 0, 255, 255, 0, 255, 255, 0, 255, 255, 0, 255, 255, 0, 255, 255, 0, 255, 255, 0, 255, 255, 0, 255, 255, 0, 255, 255, 0, 255, 255, 0, 255, 255, 0, 255, 255, 0, 255, 255, 0, 255, 255, 0, 
255, 255, 0, 255, 255, 0, 255, 255, 0, 255, 255, 0, 255, 255, 0, 255, 255, 0, 255, 255, 0, 255, 255, 0, 255, 255, 0, 255, 255, 0, 255, 255, 0, 255, 255, 0, 255, 255, 0, 255, 255, 0, 255, 255, 0, 255, 255, 0, 255, 255, 0, 255, 255, 0, 
255, 255, 0, 255, 255, 0, 255, 255, 0, 255, 255, 0, 255, 255, 0, 255, 255, 0, 255, 255, 0, 255, 255, 0, 255, 255, 0, 255, 255, 0, 255, 255, 0, 255, 255, 0, 255, 255, 0, 255, 255, 0, 255, 255, 0, 255, 255, 0, 255, 255, 0, 255, 255, 0, 
255, 255, 0, 255, 255, 0, 255, 255, 0, 255, 255, 0, 255, 255, 0, 255, 255, 0, 255, 255, 0, 255, 255, 0, 255, 255, 0, 255, 255, 0, 255, 255, 0, 255, 255, 0, 255, 255, 0, 255, 255, 0, 255, 255, 0, 255, 255, 0, 255, 255, 0, 255, 255, 0, 
255, 255, 0, 255, 255, 0, 255, 255, 0, 255, 255, 0, 255, 255, 0, 255, 255, 0, 255, 255, 0, 255, 255, 0, 255, 255, 0, 255, 255, 0, 255, 255, 0, 255, 255, 0, 255, 255, 0, 255, 255, 0, 255, 255, 0, 255, 255, 0, 255, 255, 0, 255, 255, 0, 
255, 255, 0, 255, 255, 0, 255, 255, 0, 255, 255, 0, 255, 255, 0, 255, 255, 0, 255, 255, 0, 255, 255, 0, 255, 255, 0, 255, 255, 0, 255, 255, 0, 255, 255, 0, 255, 255, 0, 255, 255, 0, 255, 255, 0, 255, 255, 0, 255, 255, 0, 255, 255, 0, 
255, 255, 0, 255, 255, 0, 255, 255, 0, 255, 255, 0, 255, 255, 0, 248, 248, 0, 206, 206, 0, 156, 156, 0, 131, 131, 0, 138, 138, 0, 180, 180, 0, 237, 237, 0, 255, 255, 0, 233, 233, 0, 209, 209, 0, 218, 218, 0, 252, 252, 0, 255, 255, 0, 
255, 255, 0, 255, 255, 0, 255, 255, 0, 255, 255, 0, 209, 209, 0, 91, 91, 0, 18, 18, 0, 0, 0, 0, 0, 0, 0, 0, 0, 0, 5, 5, 0, 64, 64, 0, 203, 203, 0, 138, 138, 0, 14, 14, 0, 62, 62, 0, 237, 237, 0, 255, 255, 0, 
255, 255, 0, 255, 255, 0, 255, 255, 0, 193, 193, 0, 40, 40, 0, 0, 0, 0, 16, 16, 0, 74, 74, 0, 106, 106, 0, 101, 101, 0, 51, 51, 0, 3, 3, 0, 51, 51, 0, 90, 90, 0, 0, 0, 0, 46, 46, 0, 236, 236, 0, 255, 255, 0, 
255, 255, 0, 255, 255, 0, 223, 223, 0, 51, 51, 0, 0, 0, 0, 40, 40, 0, 181, 181, 0, 248, 248, 0, 255, 255, 0, 255, 255, 0, 236, 236, 0, 135, 135, 0, 15, 15, 0, 10, 10, 0, 0, 0, 0, 46, 46, 0, 236, 236, 0, 255, 255, 0, 
255, 255, 0, 255, 255, 0, 123, 123, 0, 0, 0, 0, 17, 17, 0, 181, 181, 0, 255, 255, 0, 255, 255, 0, 255, 255, 0, 255, 255, 0, 255, 255, 0, 251, 251, 0, 112, 112, 0, 0, 0, 0, 0, 0, 0, 46, 46, 0, 236, 236, 0, 255, 255, 0, 
255, 255, 0, 228, 228, 0, 41, 41, 0, 0, 0, 0, 88, 88, 0, 250, 250, 0, 255, 255, 0, 255, 255, 0, 255, 255, 0, 255, 255, 0, 255, 255, 0, 255, 255, 0, 201, 201, 0, 18, 18, 0, 0, 0, 0, 46, 46, 0, 236, 236, 0, 255, 255, 0, 
255, 255, 0, 184, 184, 0, 8, 8, 0, 0, 0, 0, 156, 156, 0, 255, 255, 0, 255, 255, 0, 255, 255, 0, 255, 255, 0, 255, 255, 0, 255, 255, 0, 255, 255, 0, 237, 237, 0, 48, 48, 0, 0, 0, 0, 46, 46, 0, 236, 236, 0, 255, 255, 0, 
255, 255, 0, 146, 146, 0, 0, 0, 0, 10, 10, 0, 193, 193, 0, 255, 255, 0, 255, 255, 0, 255, 255, 0, 255, 255, 0, 255, 255, 0, 255, 255, 0, 255, 255, 0, 248, 248, 0, 70, 70, 0, 0, 0, 0, 46, 46, 0, 236, 236, 0, 255, 255, 0, 
255, 255, 0, 128, 128, 0, 0, 0, 0, 15, 15, 0, 204, 204, 0, 255, 255, 0, 255, 255, 0, 255, 255, 0, 255, 255, 0, 255, 255, 0, 255, 255, 0, 255, 255, 0, 251, 251, 0, 81, 81, 0, 0, 0, 0, 46, 46, 0, 236, 236, 0, 255, 255, 0, 
255, 255, 0, 129, 129, 0, 0, 0, 0, 13, 13, 0, 200, 200, 0, 255, 255, 0, 255, 255, 0, 255, 255, 0, 255, 255, 0, 255, 255, 0, 255, 255, 0, 255, 255, 0, 251, 251, 0, 79, 79, 0, 0, 0, 0, 46, 46, 0, 236, 236, 0, 255, 255, 0, 
255, 255, 0, 147, 147, 0, 0, 0, 0, 5, 5, 0, 176, 176, 0, 255, 255, 0, 255, 255, 0, 255, 255, 0, 255, 255, 0, 255, 255, 0, 255, 255, 0, 255, 255, 0, 246, 246, 0, 65, 65, 0, 0, 0, 0, 46, 46, 0, 236, 236, 0, 255, 255, 0, 
255, 255, 0, 181, 181, 0, 7, 7, 0, 0, 0, 0, 127, 127, 0, 255, 255, 0, 255, 255, 0, 255, 255, 0, 255, 255, 0, 255, 255, 0, 255, 255, 0, 255, 255, 0, 230, 230, 0, 40, 40, 0, 0, 0, 0, 46, 46, 0, 236, 236, 0, 255, 255, 0, 
255, 255, 0, 223, 223, 0, 34, 34, 0, 0, 0, 0, 55, 55, 0, 235, 235, 0, 255, 255, 0, 255, 255, 0, 255, 255, 0, 255, 255, 0, 255, 255, 0, 255, 255, 0, 188, 188, 0, 11, 11, 0, 0, 0, 0, 46, 46, 0, 236, 236, 0, 255, 255, 0, 
255, 255, 0, 253, 253, 0, 104, 104, 0, 0, 0, 0, 4, 4, 0, 136, 136, 0, 253, 253, 0, 255, 255, 0, 255, 255, 0, 255, 255, 0, 255, 255, 0, 246, 246, 0, 93, 93, 0, 0, 0, 0, 0, 0, 0, 46, 46, 0, 236, 236, 0, 255, 255, 0, 
255, 255, 0, 255, 255, 0, 204, 204, 0, 28, 28, 0, 0, 0, 0, 16, 16, 0, 142, 142, 0, 238, 238, 0, 255, 255, 0, 254, 254, 0, 231, 231, 0, 120, 120, 0, 10, 10, 0, 8, 8, 0, 0, 0, 0, 46, 46, 0, 236, 236, 0, 255, 255, 0, 
255, 255, 0, 255, 255, 0, 255, 255, 0, 153, 153, 0, 13, 13, 0, 0, 0, 0, 6, 6, 0, 55, 55, 0, 99, 99, 0, 94, 94, 0, 45, 45, 0, 2, 2, 0, 69, 69, 0, 72, 72, 0, 0, 0, 0, 46, 46, 0, 236, 236, 0, 255, 255, 0, 
255, 255, 0, 255, 255, 0, 255, 255, 0, 251, 251, 0, 159, 159, 0, 37, 37, 0, 1, 1, 0, 0, 0, 0, 0, 0, 0, 0, 0, 0, 7, 7, 0, 84, 84, 0, 220, 220, 0, 97, 97, 0, 0, 0, 0, 46, 46, 0, 236, 236, 0, 255, 255, 0, 
255, 255, 0, 255, 255, 0, 255, 255, 0, 255, 255, 0, 254, 254, 0, 219, 219, 0, 143, 143, 0, 93, 93, 0, 83, 83, 0, 109, 109, 0, 177, 177, 0, 242, 242, 0, 255, 255, 0, 96, 96, 0, 0, 0, 0, 46, 46, 0, 236, 236, 0, 255, 255, 0, 
255, 255, 0, 255, 255, 0, 255, 255, 0, 255, 255, 0, 255, 255, 0, 255, 255, 0, 255, 255, 0, 253, 253, 0, 252, 252, 0, 255, 255, 0, 255, 255, 0, 255, 255, 0, 255, 255, 0, 96, 96, 0, 0, 0, 0, 46, 46, 0, 236, 236, 0, 255, 255, 0, 
255, 255, 0, 255, 255, 0, 255, 255, 0, 255, 255, 0, 255, 255, 0, 255, 255, 0, 255, 255, 0, 255, 255, 0, 255, 255, 0, 255, 255, 0, 255, 255, 0, 255, 255, 0, 255, 255, 0, 96, 96, 0, 0, 0, 0, 46, 46, 0, 236, 236, 0, 255, 255, 0, 
255, 255, 0, 255, 255, 0, 255, 255, 0, 255, 255, 0, 255, 255, 0, 255, 255, 0, 255, 255, 0, 255, 255, 0, 255, 255, 0, 255, 255, 0, 255, 255, 0, 255, 255, 0, 255, 255, 0, 96, 96, 0, 0, 0, 0, 46, 46, 0, 236, 236, 0, 255, 255, 0, 
255, 255, 0, 255, 255, 0, 255, 255, 0, 255, 255, 0, 255, 255, 0, 255, 255, 0, 255, 255, 0, 255, 255, 0, 255, 255, 0, 255, 255, 0, 255, 255, 0, 255, 255, 0, 255, 255, 0, 96, 96, 0, 0, 0, 0, 46, 46, 0, 236, 236, 0, 255, 255, 0, 
255, 255, 0, 255, 255, 0, 255, 255, 0, 255, 255, 0, 255, 255, 0, 255, 255, 0, 255, 255, 0, 255, 255, 0, 255, 255, 0, 255, 255, 0, 255, 255, 0, 255, 255, 0, 255, 255, 0, 96, 96, 0, 0, 0, 0, 46, 46, 0, 236, 236, 0, 255, 255, 0, 
255, 255, 0, 255, 255, 0, 255, 255, 0, 255, 255, 0, 255, 255, 0, 255, 255, 0, 255, 255, 0, 255, 255, 0, 255, 255, 0, 255, 255, 0, 255, 255, 0, 255, 255, 0, 255, 255, 0, 191, 191, 0, 149, 149, 0, 171, 171, 0, 247, 247, 0, 255, 255, 0, 
255, 255, 0, 255, 255, 0, 255, 255, 0, 255, 255, 0, 255, 255, 0, 255, 255, 0, 255, 255, 0, 255, 255, 0, 255, 255, 0, 255, 255, 0, 255, 255, 0, 255, 255, 0, 255, 255, 0, 255, 255, 0, 255, 255, 0, 255, 255, 0, 255, 255, 0, 255, 255, 0, 
