255, 255, 0, 255, 255, 0, 255, 255, 0, 255, 255, 0, 255, 255, 0, 255, 255, 0, 255, 255, 0, 255, 255, 0, 255, 255, 0, 255, 255, 0, 255, 255, 0, 255, 255, 0, 255, 255, 0, 255, 255, 0, 255, 255, 0, 255, 255, 0, 255, 255, 0, 255, 255, 0, 
255, 255, 0, 255, 255, 0, 255, 255, 0, 255, 255, 0, 255, 255, 0, 255, 255, 0, 255, 255, 0, 255, 255, 0, 255, 255, 0, 255, 255, 0, 255, 255, 0, 255, 255, 0, 255, 255, 0, 255, 255, 0, 255, 255, 0, 255, 255, 0, 255, 255, 0, 255, 255, 0, 
255, 255, 0, 255, 255, 0, 255, 255, 0, 255, 255, 0, 255, 255, 0, 255, 255, 0, 255, 255, 0, 255, 255, 0, 255, 255, 0, 255, 255, 0, 255, 255, 0, 255, 255, 0, 255, 255, 0, 255, 255, 0, 255, 255, 0, 255, 255, 0, 255, 255, 0, 255, 255, 0, 
255, 255, 0, 255, 255, 0, 255, 255, 0, 255, 255, 0, 255, 255, 0, 255, 255, 0, 255, 255, 0, 255, 255, 0, 255, 255, 0, 255, 255, 0, 255, 255, 0, 255, 255, 0, 255, 255, 0, 255, 255, 0, 255, 255, 0, 255, 255, 0, 255, 255, 0, 255, 255, 0, 
255, 255, 0, 255, 255, 0, 255, 255, 0, 255, 255, 0, 255, 255, 0, 255, 255, 0, 255, 255, 0, 255, 255, 0, 255, 255, 0, 255, 255, 0, 255, 255, 0, 255, 255, 0, 255, 255, 0, 255, 255, 0, 255, 255, 0, 255, 255, 0, 255, 255, 0, 255, 255, 0, 
255, 255, 0, 247, 247, 0, 217, 217, 0, 214, 214, 0, 227, 227, 0, 254, 254, 0, 255, 255, 0, 255, 255, 0, 255, 255, 0, 255, 255, 0, 255, 255, 0, 255, 255, 0, 255, 255, 0, 230, 230, 0, 214, 214, 0, 218, 218, 0, 248, 248, 0, 255, 255, 0, 
255, 255, 0, 212, 212, 0, 39, 39, 0, 19, 19, 0, 115, 115, 0, 255, 255, 0, 255, 255, 0, 255, 255, 0, 255, 255, 0, 255, 255, 0, 255, 255, 0, 255, 255, 0, 255, 255, 0, 111, 111, 0, 17, 17, 0, 58, 58, 0, 231, 231, 0, 255, 255, 0, 
255, 255, 0, 208, 208, 0, 17, 17, 0, 0, 0, 0, 117, 117, 0, 255, 255, 0, 255, 255, 0, 255, 255, 0, 255, 255, 0, 255, 255, 0, 255, 255, 0, 255, 255, 0, 255, 255, 0, 97, 97, 0, 0, 0, 0, 53, 53, 0, 241, 241, 0, 255, 255, 0, 
255, 255, 0, 208, 208, 0, 17, 17, 0, 0, 0, 0, 117, 117, 0, 255, 255, 0, 255, 255, 0, 255, 255, 0, 255, 255, 0, 255, 255, 0, 255, 255, 0, 255, 255, 0, 255, 255, 0, 97, 97, 0, 0, 0, 0, 53, 53, 0, 241, 241, 0, 255, 255, 0, 
255, 255, 0, 208, 208, 0, 17, 17, 0, 0, 0, 0, 116, 116, 0, 255, 255, 0, 255, 255, 0, 255, 255, 0, 255, 255, 0, 255, 255, 0, 255, 255, 0, 255, 255, 0, 255, 255, 0, 97, 97, 0, 0, 0, 0, 53, 53, 0, 241, 241, 0, 255, 255, 0, 
255, 255, 0, 208, 208, 0, 17, 17, 0, 0, 0, 0, 116, 116, 0, 255, 255, 0, 255, 255, 0, 255, 255, 0, 255, 255, 0, 255, 255, 0, 255, 255, 0, 255, 255, 0, 255, 255, 0, 97, 97, 0, 0, 0, 0, 53, 53, 0, 241, 241, 0, 255, 255, 0, 
255, 255, 0, 208, 208, 0, 17, 17, 0, 0, 0, 0, 116, 116, 0, 255, 255, 0, 255, 255, 0, 255, 255, 0, 255, 255, 0, 255, 255, 0, 255, 255, 0, 255, 255, 0, 255, 255, 0, 97, 97, 0, 0, 0, 0, 53, 53, 0, 241, 241, 0, 255, 255, 0, 
255, 255, 0, 208, 208, 0, 17, 17, 0, 0, 0, 0, 116, 116, 0, 255, 255, 0, 255, 255, 0, 255, 255, 0, 255, 255, 0, 255, 255, 0, 255, 255, 0, 255, 255, 0, 255, 255, 0, 97, 97, 0, 0, 0, 0, 52, 52, 0, 240, 240, 0, 255, 255, 0, 
255, 255, 0, 208, 208, 0, 17, 17, 0, 0, 0, 0, 116, 116, 0, 255, 255, 0, 255, 255, 0, 255, 255, 0, 255, 255, 0, 255, 255, 0, 255, 255, 0, 255, 255, 0, 255, 255, 0, 97, 97, 0, 0, 0, 0, 52, 52, 0, 240, 240, 0, 255, 255, 0, 
255, 255, 0, 208, 208, 0, 17, 17, 0, 0, 0, 0, 116, 116, 0, 255, 255, 0, 255, 255, 0, 255, 255, 0, 255, 255, 0, 255, 255, 0, 255, 255, 0, 255, 255, 0, 255, 255, 0, 97, 97, 0, 0, 0, 0, 52, 52, 0, 240, 240, 0, 255, 255, 0, 
255, 255, 0, 208, 208, 0, 17, 17, 0, 0, 0, 0, 61, 61, 0, 136, 136, 0, 135, 135, 0, 135, 135, 0, 135, 135, 0, 135, 135, 0, 135, 135, 0, 135, 135, 0, 135, 135, 0, 51, 51, 0, 0, 0, 0, 52, 52, 0, 240, 240, 0, 255, 255, 0, 
255, 255, 0, 208, 208, 0, 17, 17, 0, 0, 0, 0, 0, 0, 0, 0, 0, 0, 0, 0, 0, 0, 0, 0, 0, 0, 0, 0, 0, 0, 0, 0, 0, 0, 0, 0, 0, 0, 0, 0, 0, 0, 0, 0, 0, 52, 52, 0, 240, 240, 0, 255, 255, 0, 
255, 255, 0, 208, 208, 0, 17, 17, 0, 0, 0, 0, 38, 38, 0, 84, 84, 0, 83, 83, 0, 83, 83, 0, 83, 83, 0, 83, 83, 0, 83, 83, 0, 83, 83, 0, 83, 83, 0, 29, 29, 0, 0, 0, 0, 52, 52, 0, 240, 240, 0, 255, 255, 0, 
255, 255, 0, 208, 208, 0, 17, 17, 0, 0, 0, 0, 114, 114, 0, 254, 254, 0, 252, 252, 0, 252, 252, 0, 252, 252, 0, 252, 252, 0, 252, 252, 0, 252, 252, 0, 250, 250, 0, 89, 89, 0, 0, 0, 0, 52, 52, 0, 240, 240, 0, 255, 255, 0, 
255, 255, 0, 208, 208, 0, 17, 17, 0, 0, 0, 0, 116, 116, 0, 255, 255, 0, 255, 255, 0, 255, 255, 0, 255, 255, 0, 255, 255, 0, 255, 255, 0, 255, 255, 0, 253, 253, 0, 90, 90, 0, 0, 0, 0, 51, 51, 0, 240, 240, 0, 255, 255, 0, 
255, 255, 0, 208, 208, 0, 17, 17, 0, 0, 0, 0, 116, 116, 0, 255, 255, 0, 255, 255, 0, 255, 255, 0, 255, 255, 0, 255, 255, 0, 255, 255, 0, 255, 255, 0, 253, 253, 0, 90, 90, 0, 0, 0, 0, 51, 51, 0, 240, 240, 0, 255, 255, 0, 
255, 255, 0, 208, 208, 0, 17, 17, 0, 0, 0, 0, 116, 116, 0, 255, 255, 0, 255, 255, 0, 255, 255, 0, 255, 255, 0, 255, 255, 0, 255, 255, 0, 255, 255, 0, 253, 253, 0, 90, 90, 0, 0, 0, 0, 51, 51, 0, 240, 240, 0, 255, 255, 0, 
255, 255, 0, 208, 208, 0, 17, 17, 0, 0, 0, 0, 116, 116, 0, 255, 255, 0, 255, 255, 0, 255, 255, 0, 255, 255, 0, 255, 255, 0, 255, 255, 0, 255, 255, 0, 253, 253, 0, 90, 90, 0, 0, 0, 0, 51, 51, 0, 240, 240, 0, 255, 255, 0, 
255, 255, 0, 208, 208, 0, 17, 17, 0, 0, 0, 0, 116, 116, 0, 255, 255, 0, 255, 255, 0, 255, 255, 0, 255, 255, 0, 255, 255, 0, 255, 255, 0, 255, 255, 0, 253, 253, 0, 90, 90, 0, 0, 0, 0, 51, 51, 0, 240, 240, 0, 255, 255, 0, 
255, 255, 0, 208, 208, 0, 17, 17, 0, 0, 0, 0, 116, 116, 0, 255, 255, 0, 255, 255, 0, 255, 255, 0, 255, 255, 0, 255, 255, 0, 255, 255, 0, 255, 255, 0, 253, 253, 0, 90, 90, 0, 0, 0, 0, 51, 51, 0, 240, 240, 0, 255, 255, 0, 
255, 255, 0, 208, 208, 0, 17, 17, 0, 0, 0, 0, 116, 116, 0, 255, 255, 0, 255, 255, 0, 255, 255, 0, 255, 255, 0, 255, 255, 0, 255, 255, 0, 255, 255, 0, 253, 253, 0, 90, 90, 0, 0, 0, 0, 51, 51, 0, 240, 240, 0, 255, 255, 0, 
255, 255, 0, 208, 208, 0, 17, 17, 0, 0, 0, 0, 116, 116, 0, 255, 255, 0, 255, 255, 0, 255, 255, 0, 255, 255, 0, 255, 255, 0, 255, 255, 0, 255, 255, 0, 253, 253, 0, 90, 90, 0, 0, 0, 0, 50, 50, 0, 240, 240, 0, 255, 255, 0, 
255, 255, 0, 208, 208, 0, 17, 17, 0, 0, 0, 0, 116, 116, 0, 255, 255, 0, 255, 255, 0, 255, 255, 0, 255, 255, 0, 255, 255, 0, 255, 255, 0, 255, 255, 0, 253, 253, 0, 90, 90, 0, 0, 0, 0, 50, 50, 0, 239, 239, 0, 255, 255, 0, 
255, 255, 0, 237, 237, 0, 162, 162, 0, 154, 154, 0, 201, 201, 0, 255, 255, 0, 255, 255, 0, 255, 255, 0, 255, 255, 0, 255, 255, 0, 255, 255, 0, 255, 255, 0, 254, 254, 0, 184, 184, 0, 142, 142, 0, 167, 167, 0, 248, 248, 0, 255, 255, 0, 
255, 255, 0, 255, 255, 0, 255, 255, 0, 255, 255, 0, 255, 255, 0, 255, 255, 0, 255, 255, 0, 255, 255, 0, 255, 255, 0, 255, 255, 0, 255, 255, 0, 255, 255, 0, 255, 255, 0, 255, 255, 0, 255, 255, 0, 255, 255, 0, 255, 255, 0, 255, 255, 0, 
255, 255, 0, 255, 255, 0, 255, 255, 0, 255, 255, 0, 255, 255, 0, 255, 255, 0, 255, 255, 0, 255, 255, 0, 255, 255, 0, 255, 255, 0, 255, 255, 0, 255, 255, 0, 255, 255, 0, 255, 255, 0, 255, 255, 0, 255, 255, 0, 255, 255, 0, 255, 255, 0, 
255, 255, 0, 255, 255, 0, 255, 255, 0, 255, 255, 0, 255, 255, 0, 255, 255, 0, 255, 255, 0, 255, 255, 0, 255, 255, 0, 255, 255, 0, 255, 255, 0, 255, 255, 0, 255, 255, 0, 255, 255, 0, 255, 255, 0, 255, 255, 0, 255, 255, 0, 255, 255, 0, 
255, 255, 0, 255, 255, 0, 255, 255, 0, 255, 255, 0, 255, 255, 0, 255, 255, 0, 255, 255, 0, 255, 255, 0, 255, 255, 0, 255, 255, 0, 255, 255, 0, 255, 255, 0, 255, 255, 0, 255, 255, 0, 255, 255, 0, 255, 255, 0, 255, 255, 0, 255, 255, 0, 
255, 255, 0, 255, 255, 0, 255, 255, 0, 255, 255, 0, 255, 255, 0, 255, 255, 0, 255, 255, 0, 255, 255, 0, 255, 255, 0, 255, 255, 0, 255, 255, 0, 255, 255, 0, 255, 255, 0, 255, 255, 0, 255, 255, 0, 255, 255, 0, 255, 255, 0, 255, 255, 0, 
255, 255, 0, 255, 255, 0, 255, 255, 0, 255, 255, 0, 255, 255, 0, 255, 255, 0, 255, 255, 0, 255, 255, 0, 255, 255, 0, 255, 255, 0, 255, 255, 0, 255, 255, 0, 255, 255, 0, 255, 255, 0, 255, 255, 0, 255, 255, 0, 255, 255, 0, 255, 255, 0, 
255, 255, 0, 255, 255, 0, 255, 255, 0, 255, 255, 0, 255, 255, 0, 255, 255, 0, 255, 255, 0, 255, 255, 0, 255, 255, 0, 255, 255, 0, 255, 255, 0, 255, 255, 0, 255, 255, 0, 255, 255, 0, 255, 255, 0, 255, 255, 0, 255, 255, 0, 255, 255, 0, 
