255, 255, 0, 255, 255, 0, 255, 255, 0, 255, 255, 0, 255, 255, 0, 255, 255, 0, 255, 255, 0, 255, 255, 0, 255, 255, 0, 255, 255, 0, 255, 255, 0, 255, 255, 0, 255, 255, 0, 255, 255, 0, 255, 255, 0, 255, 255, 0, 255, 255, 0, 255, 255, 0, 
255, 255, 0, 255, 255, 0, 255, 255, 0, 255, 255, 0, 255, 255, 0, 255, 255, 0, 255, 255, 0, 255, 255, 0, 255, 255, 0, 255, 255, 0, 255, 255, 0, 255, 255, 0, 255, 255, 0, 255, 255, 0, 255, 255, 0, 255, 255, 0, 255, 255, 0, 255, 255, 0, 
255, 255, 0, 255, 255, 0, 255, 255, 0, 255, 255, 0, 255, 255, 0, 255, 255, 0, 255, 255, 0, 255, 255, 0, 255, 255, 0, 255, 255, 0, 255, 255, 0, 255, 255, 0, 255, 255, 0, 255, 255, 0, 255, 255, 0, 255, 255, 0, 255, 255, 0, 255, 255, 0, 
255, 255, 0, 255, 255, 0, 255, 255, 0, 255, 255, 0, 255, 255, 0, 255, 255, 0, 255, 255, 0, 255, 255, 0, 255, 255, 0, 255, 255, 0, 255, 255, 0, 255, 255, 0, 255, 255, 0, 255, 255, 0, 255, 255, 0, 255, 255, 0, 255, 255, 0, 255, 255, 0, 
255, 255, 0, 255, 255, 0, 255, 255, 0, 255, 255, 0, 255, 255, 0, 255, 255, 0, 255, 255, 0, 255, 255, 0, 255, 255, 0, 255, 255, 0, 255, 255, 0, 255, 255, 0, 255, 255, 0, 255, 255, 0, 255, 255, 0, 255, 255, 0, 255, 255, 0, 255, 255, 0, 
255, 255, 0, 255, 255, 0, 245, 245, 0, 217, 217, 0, 216, 216, 0, 216, 216, 0, 216, 216, 0, 216, 216, 0, 220, 220, 0, 232, 232, 0, 249, 249, 0, 255, 255, 0, 255, 255, 0, 255, 255, 0, 255, 255, 0, 255, 255, 0, 255, 255, 0, 255, 255, 0, 
255, 255, 0, 255, 255, 0, 198, 198, 0, 33, 33, 0, 23, 23, 0, 22, 22, 0, 22, 22, 0, 22, 22, 0, 26, 26, 0, 41, 41, 0, 78, 78, 0, 149, 149, 0, 229, 229, 0, 255, 255, 0, 255, 255, 0, 255, 255, 0, 255, 255, 0, 255, 255, 0, 
255, 255, 0, 255, 255, 0, 192, 192, 0, 10, 10, 0, 1, 1, 0, 23, 23, 0, 30, 30, 0, 30, 30, 0, 24, 24, 0, 8, 8, 0, 0, 0, 0, 2, 2, 0, 51, 51, 0, 184, 184, 0, 254, 254, 0, 255, 255, 0, 255, 255, 0, 255, 255, 0, 
255, 255, 0, 255, 255, 0, 192, 192, 0, 9, 9, 0, 13, 13, 0, 181, 181, 0, 228, 228, 0, 225, 225, 0, 218, 218, 0, 190, 190, 0, 115, 115, 0, 23, 23, 0, 0, 0, 0, 26, 26, 0, 183, 183, 0, 255, 255, 0, 255, 255, 0, 255, 255, 0, 
255, 255, 0, 255, 255, 0, 192, 192, 0, 9, 9, 0, 15, 15, 0, 205, 205, 0, 255, 255, 0, 255, 255, 0, 255, 255, 0, 255, 255, 0, 254, 254, 0, 187, 187, 0, 36, 36, 0, 0, 0, 0, 49, 49, 0, 223, 223, 0, 255, 255, 0, 255, 255, 0, 
255, 255, 0, 255, 255, 0, 192, 192, 0, 9, 9, 0, 15, 15, 0, 205, 205, 0, 255, 255, 0, 255, 255, 0, 255, 255, 0, 255, 255, 0, 255, 255, 0, 255, 255, 0, 168, 168, 0, 11, 11, 0, 0, 0, 0, 130, 130, 0, 255, 255, 0, 255, 255, 0, 
255, 255, 0, 255, 255, 0, 192, 192, 0, 9, 9, 0, 15, 15, 0, 205, 205, 0, 255, 255, 0, 255, 255, 0, 255, 255, 0, 255, 255, 0, 255, 255, 0, 255, 255, 0, 245, 245, 0, 78, 78, 0, 0, 0, 0, 49, 49, 0, 234, 234, 0, 255, 255, 0, 
255, 255, 0, 255, 255, 0, 192, 192, 0, 9, 9, 0, 15, 15, 0, 205, 205, 0, 255, 255, 0, 255, 255, 0, 255, 255, 0, 255, 255, 0, 255, 255, 0, 255, 255, 0, 255, 255, 0, 162, 162, 0, 2, 2, 0, 11, 11, 0, 192, 192, 0, 255, 255, 0, 
255, 255, 0, 255, 255, 0, 192, 192, 0, 9, 9, 0, 15, 15, 0, 205, 205, 0, 255, 255, 0, 255, 255, 0, 255, 255, 0, 255, 255, 0, 255, 255, 0, 255, 255, 0, 255, 255, 0, 215, 215, 0, 25, 25, 0, 0, 0, 0, 149, 149, 0, 255, 255, 0, 
255, 255, 0, 255, 255, 0, 192, 192, 0, 9, 9, 0, 15, 15, 0, 205, 205, 0, 255, 255, 0, 255, 255, 0, 255, 255, 0, 255, 255, 0, 255, 255, 0, 255, 255, 0, 255, 255, 0, 240, 240, 0, 53, 53, 0, 0, 0, 0, 115, 115, 0, 255, 255, 0, 
239, 239, 0, 136, 136, 0, 83, 83, 0, 4, 4, 0, 7, 7, 0, 90, 90, 0, 113, 113, 0, 110, 110, 0, 136, 136, 0, 244, 244, 0, 255, 255, 0, 255, 255, 0, 255, 255, 0, 250, 250, 0, 75, 75, 0, 0, 0, 0, 93, 93, 0, 254, 254, 0, 
227, 227, 0, 40, 40, 0, 0, 0, 0, 0, 0, 0, 0, 0, 0, 0, 0, 0, 0, 0, 0, 0, 0, 0, 44, 44, 0, 235, 235, 0, 255, 255, 0, 255, 255, 0, 255, 255, 0, 253, 253, 0, 89, 89, 0, 0, 0, 0, 82, 82, 0, 251, 251, 0, 
241, 241, 0, 150, 150, 0, 95, 95, 0, 5, 5, 0, 8, 8, 0, 103, 103, 0, 129, 129, 0, 126, 126, 0, 150, 150, 0, 245, 245, 0, 255, 255, 0, 255, 255, 0, 255, 255, 0, 254, 254, 0, 93, 93, 0, 0, 0, 0, 80, 80, 0, 250, 250, 0, 
255, 255, 0, 255, 255, 0, 193, 193, 0, 9, 9, 0, 15, 15, 0, 205, 205, 0, 255, 255, 0, 255, 255, 0, 255, 255, 0, 255, 255, 0, 255, 255, 0, 255, 255, 0, 255, 255, 0, 252, 252, 0, 84, 84, 0, 0, 0, 0, 91, 91, 0, 253, 253, 0, 
255, 255, 0, 255, 255, 0, 192, 192, 0, 9, 9, 0, 15, 15, 0, 205, 205, 0, 255, 255, 0, 255, 255, 0, 255, 255, 0, 255, 255, 0, 255, 255, 0, 255, 255, 0, 255, 255, 0, 246, 246, 0, 65, 65, 0, 0, 0, 0, 115, 115, 0, 255, 255, 0, 
255, 255, 0, 255, 255, 0, 192, 192, 0, 9, 9, 0, 15, 15, 0, 205, 205, 0, 255, 255, 0, 255, 255, 0, 255, 255, 0, 255, 255, 0, 255, 255, 0, 255, 255, 0, 255, 255, 0, 228, 228, 0, 37, 37, 0, 0, 0, 0, 153, 153, 0, 255, 255, 0, 
255, 255, 0, 255, 255, 0, 192, 192, 0, 9, 9, 0, 15, 15, 0, 205, 205, 0, 255, 255, 0, 255, 255, 0, 255, 255, 0, 255, 255, 0, 255, 255, 0, 255, 255, 0, 255, 255, 0, 186, 186, 0, 9, 9, 0, 17, 17, 0, 202, 202, 0, 255, 255, 0, 
255, 255, 0, 255, 255, 0, 192, 192, 0, 9, 9, 0, 15, 15, 0, 205, 205, 0, 255, 255, 0, 255, 255, 0, 255, 255, 0, 255, 255, 0, 255, 255, 0, 255, 255, 0, 253, 253, 0, 106, 106, 0, 0, 0, 0, 66, 66, 0, 242, 242, 0, 255, 255, 0, 
255, 255, 0, 255, 255, 0, 192, 192, 0, 9, 9, 0, 15, 15, 0, 205, 205, 0, 255, 255, 0, 255, 255, 0, 255, 255, 0, 255, 255, 0, 255, 255, 0, 255, 255, 0, 194, 194, 0, 22, 22, 0, 2, 2, 0, 153, 153, 0, 255, 255, 0, 255, 255, 0, 
255, 255, 0, 255, 255, 0, 192, 192, 0, 9, 9, 0, 15, 15, 0, 205, 205, 0, 255, 255, 0, 255, 255, 0, 255, 255, 0, 255, 255, 0, 255, 255, 0, 214, 214, 0, 57, 57, 0, 0, 0, 0, 63, 63, 0, 235, 235, 0, 255, 255, 0, 255, 255, 0, 
255, 255, 0, 255, 255, 0, 192, 192, 0, 9, 9, 0, 15, 15, 0, 205, 205, 0, 255, 255, 0, 255, 255, 0, 251, 251, 0, 230, 230, 0, 162, 162, 0, 46, 46, 0, 0, 0, 0, 27, 27, 0, 191, 191, 0, 255, 255, 0, 255, 255, 0, 255, 255, 0, 
255, 255, 0, 255, 255, 0, 192, 192, 0, 10, 10, 0, 6, 6, 0, 80, 80, 0, 101, 101, 0, 96, 96, 0, 79, 79, 0, 40, 40, 0, 6, 6, 0, 0, 0, 0, 29, 29, 0, 171, 171, 0, 255, 255, 0, 255, 255, 0, 255, 255, 0, 255, 255, 0, 
255, 255, 0, 255, 255, 0, 192, 192, 0, 10, 10, 0, 0, 0, 0, 0, 0, 0, 0, 0, 0, 0, 0, 0, 0, 0, 0, 3, 3, 0, 22, 22, 0, 86, 86, 0, 200, 200, 0, 254, 254, 0, 255, 255, 0, 255, 255, 0, 255, 255, 0, 255, 255, 0, 
255, 255, 0, 255, 255, 0, 228, 228, 0, 149, 149, 0, 145, 145, 0, 145, 145, 0, 146, 146, 0, 148, 148, 0, 157, 157, 0, 177, 177, 0, 212, 212, 0, 247, 247, 0, 255, 255, 0, 255, 255, 0, 255, 255, 0, 255, 255, 0, 255, 255, 0, 255, 255, 0, 
255, 255, 0, 255, 255, 0, 255, 255, 0, 255, 255, 0, 255, 255, 0, 255, 255, 0, 255, 255, 0, 255, 255, 0, 255, 255, 0, 255, 255, 0, 255, 255, 0, 255, 255, 0, 255, 255, 0, 255, 255, 0, 255, 255, 0, 255, 255, 0, 255, 255, 0, 255, 255, 0, 
255, 255, 0, 255, 255, 0, 255, 255, 0, 255, 255, 0, 255, 255, 0, 255, 255, 0, 255, 255, 0, 255, 255, 0, 255, 255, 0, 255, 255, 0, 255, 255, 0, 255, 255, 0, 255, 255, 0, 255, 255, 0, 255, 255, 0, 255, 255, 0, 255, 255, 0, 255, 255, 0, 
255, 255, 0, 255, 255, 0, 255, 255, 0, 255, 255, 0, 255, 255, 0, 255, 255, 0, 255, 255, 0, 255, 255, 0, 255, 255, 0, 255, 255, 0, 255, 255, 0, 255, 255, 0, 255, 255, 0, 255, 255, 0, 255, 255, 0, 255, 255, 0, 255, 255, 0, 255, 255, 0, 
255, 255, 0, 255, 255, 0, 255, 255, 0, 255, 255, 0, 255, 255, 0, 255, 255, 0, 255, 255, 0, 255, 255, 0, 255, 255, 0, 255, 255, 0, 255, 255, 0, 255, 255, 0, 255, 255, 0, 255, 255, 0, 255, 255, 0, 255, 255, 0, 255, 255, 0, 255, 255, 0, 
255, 255, 0, 255, 255, 0, 255, 255, 0, 255, 255, 0, 255, 255, 0, 255, 255, 0, 255, 255, 0, 255, 255, 0, 255, 255, 0, 255, 255, 0, 255, 255, 0, 255, 255, 0, 255, 255, 0, 255, 255, 0, 255, 255, 0, 255, 255, 0, 255, 255, 0, 255, 255, 0, 
255, 255, 0, 255, 255, 0, 255, 255, 0, 255, 255, 0, 255, 255, 0, 255, 255, 0, 255, 255, 0, 255, 255, 0, 255, 255, 0, 255, 255, 0, 255, 255, 0, 255, 255, 0, 255, 255, 0, 255, 255, 0, 255, 255, 0, 255, 255, 0, 255, 255, 0, 255, 255, 0, 
255, 255, 0, 255, 255, 0, 255, 255, 0, 255, 255, 0, 255, 255, 0, 255, 255, 0, 255, 255, 0, 255, 255, 0, 255, 255, 0, 255, 255, 0, 255, 255, 0, 255, 255, 0, 255, 255, 0, 255, 255, 0, 255, 255, 0, 255, 255, 0, 255, 255, 0, 255, 255, 0, 
