255, 255, 0, 255, 255, 0, 255, 255, 0, 255, 255, 0, 255, 255, 0, 255, 255, 0, 255, 255, 0, 255, 255, 0, 255, 255, 0, 255, 255, 0, 255, 255, 0, 255, 255, 0, 255, 255, 0, 255, 255, 0, 255, 255, 0, 255, 255, 0, 255, 255, 0, 255, 255, 0, 
255, 255, 0, 255, 255, 0, 255, 255, 0, 255, 255, 0, 255, 255, 0, 255, 255, 0, 255, 255, 0, 255, 255, 0, 255, 255, 0, 255, 255, 0, 255, 255, 0, 255, 255, 0, 255, 255, 0, 255, 255, 0, 255, 255, 0, 255, 255, 0, 255, 255, 0, 255, 255, 0, 
255, 255, 0, 255, 255, 0, 255, 255, 0, 255, 255, 0, 255, 255, 0, 255, 255, 0, 255, 255, 0, 255, 255, 0, 255, 255, 0, 255, 255, 0, 255, 255, 0, 255, 255, 0, 255, 255, 0, 255, 255, 0, 255, 255, 0, 255, 255, 0, 255, 255, 0, 255, 255, 0, 
255, 255, 0, 255, 255, 0, 255, 255, 0, 255, 255, 0, 255, 255, 0, 255, 255, 0, 255, 255, 0, 255, 255, 0, 255, 255, 0, 255, 255, 0, 255, 255, 0, 255, 255, 0, 255, 255, 0, 255, 255, 0, 255, 255, 0, 255, 255, 0, 255, 255, 0, 255, 255, 0, 
255, 255, 0, 255, 255, 0, 255, 255, 0, 255, 255, 0, 255, 255, 0, 255, 255, 0, 255, 255, 0, 255, 255, 0, 255, 255, 0, 255, 255, 0, 255, 255, 0, 255, 255, 0, 255, 255, 0, 255, 255, 0, 255, 255, 0, 255, 255, 0, 255, 255, 0, 255, 255, 0, 
255, 255, 0, 255, 255, 0, 255, 255, 0, 255, 255, 0, 255, 255, 0, 255, 255, 0, 255, 255, 0, 255, 255, 0, 255, 255, 0, 255, 255, 0, 255, 255, 0, 255, 255, 0, 255, 255, 0, 255, 255, 0, 255, 255, 0, 255, 255, 0, 255, 255, 0, 255, 255, 0, 
255, 255, 0, 255, 255, 0, 255, 255, 0, 255, 255, 0, 255, 255, 0, 255, 255, 0, 255, 255, 0, 255, 255, 0, 255, 255, 0, 255, 255, 0, 255, 255, 0, 255, 255, 0, 255, 255, 0, 255, 255, 0, 255, 255, 0, 255, 255, 0, 255, 255, 0, 255, 255, 0, 
255, 255, 0, 255, 255, 0, 255, 255, 0, 255, 255, 0, 255, 255, 0, 255, 255, 0, 255, 255, 0, 255, 255, 0, 255, 255, 0, 255, 255, 0, 255, 255, 0, 255, 255, 0, 255, 255, 0, 255, 255, 0, 255, 255, 0, 255, 255, 0, 255, 255, 0, 255, 255, 0, 
255, 255, 0, 255, 255, 0, 255, 255, 0, 255, 255, 0, 255, 255, 0, 255, 255, 0, 255, 255, 0, 255, 255, 0, 255, 255, 0, 255, 255, 0, 255, 255, 0, 255, 255, 0, 255, 255, 0, 255, 255, 0, 255, 255, 0, 255, 255, 0, 255, 255, 0, 255, 255, 0, 
255, 255, 0, 255, 255, 0, 255, 255, 0, 255, 255, 0, 255, 255, 0, 255, 255, 0, 255, 255, 0, 255, 255, 0, 255, 255, 0, 255, 255, 0, 255, 255, 0, 255, 255, 0, 255, 255, 0, 255, 255, 0, 255, 255, 0, 255, 255, 0, 255, 255, 0, 255, 255, 0, 
255, 255, 0, 255, 255, 0, 255, 255, 0, 255, 255, 0, 255, 255, 0, 255, 255, 0, 255, 255, 0, 255, 255, 0, 255, 255, 0, 255, 255, 0, 255, 255, 0, 255, 255, 0, 255, 255, 0, 255, 255, 0, 255, 255, 0, 255, 255, 0, 255, 255, 0, 255, 255, 0, 
255, 255, 0, 227, 227, 0, 209, 209, 0, 225, 225, 0, 252, 252, 0, 209, 209, 0, 151, 151, 0, 147, 147, 0, 208, 208, 0, 254, 254, 0, 255, 255, 0, 236, 236, 0, 176, 176, 0, 141, 141, 0, 163, 163, 0, 229, 229, 0, 255, 255, 0, 255, 255, 0, 
254, 254, 0, 105, 105, 0, 13, 13, 0, 89, 89, 0, 144, 144, 0, 23, 23, 0, 0, 0, 0, 0, 0, 0, 29, 29, 0, 179, 179, 0, 213, 213, 0, 67, 67, 0, 3, 3, 0, 0, 0, 0, 1, 1, 0, 65, 65, 0, 224, 224, 0, 255, 255, 0, 
254, 254, 0, 93, 93, 0, 0, 0, 0, 18, 18, 0, 17, 17, 0, 66, 66, 0, 95, 95, 0, 24, 24, 0, 0, 0, 0, 48, 48, 0, 60, 60, 0, 20, 20, 0, 115, 115, 0, 104, 104, 0, 10, 10, 0, 0, 0, 0, 131, 131, 0, 255, 255, 0, 
254, 254, 0, 93, 93, 0, 0, 0, 0, 0, 0, 0, 105, 105, 0, 242, 242, 0, 255, 255, 0, 140, 140, 0, 0, 0, 0, 0, 0, 0, 11, 11, 0, 159, 159, 0, 255, 255, 0, 245, 245, 0, 73, 73, 0, 0, 0, 0, 74, 74, 0, 247, 247, 0, 
254, 254, 0, 93, 93, 0, 0, 0, 0, 30, 30, 0, 216, 216, 0, 255, 255, 0, 255, 255, 0, 191, 191, 0, 10, 10, 0, 0, 0, 0, 77, 77, 0, 246, 246, 0, 255, 255, 0, 255, 255, 0, 115, 115, 0, 0, 0, 0, 58, 58, 0, 240, 240, 0, 
254, 254, 0, 93, 93, 0, 0, 0, 0, 68, 68, 0, 247, 247, 0, 255, 255, 0, 255, 255, 0, 204, 204, 0, 15, 15, 0, 0, 0, 0, 142, 142, 0, 255, 255, 0, 255, 255, 0, 255, 255, 0, 125, 125, 0, 0, 0, 0, 55, 55, 0, 239, 239, 0, 
254, 254, 0, 93, 93, 0, 0, 0, 0, 83, 83, 0, 252, 252, 0, 255, 255, 0, 255, 255, 0, 206, 206, 0, 17, 17, 0, 1, 1, 0, 166, 166, 0, 255, 255, 0, 255, 255, 0, 255, 255, 0, 127, 127, 0, 0, 0, 0, 55, 55, 0, 239, 239, 0, 
254, 254, 0, 93, 93, 0, 0, 0, 0, 84, 84, 0, 252, 252, 0, 255, 255, 0, 255, 255, 0, 206, 206, 0, 16, 16, 0, 1, 1, 0, 168, 168, 0, 255, 255, 0, 255, 255, 0, 255, 255, 0, 127, 127, 0, 0, 0, 0, 55, 55, 0, 239, 239, 0, 
254, 254, 0, 93, 93, 0, 0, 0, 0, 83, 83, 0, 252, 252, 0, 255, 255, 0, 255, 255, 0, 206, 206, 0, 16, 16, 0, 1, 1, 0, 168, 168, 0, 255, 255, 0, 255, 255, 0, 255, 255, 0, 127, 127, 0, 0, 0, 0, 54, 54, 0, 239, 239, 0, 
254, 254, 0, 93, 93, 0, 0, 0, 0, 83, 83, 0, 252, 252, 0, 255, 255, 0, 255, 255, 0, 206, 206, 0, 16, 16, 0, 1, 1, 0, 168, 168, 0, 255, 255, 0, 255, 255, 0, 255, 255, 0, 127, 127, 0, 0, 0, 0, 54, 54, 0, 238, 238, 0, 
254, 254, 0, 93, 93, 0, 0, 0, 0, 83, 83, 0, 252, 252, 0, 255, 255, 0, 255, 255, 0, 205, 205, 0, 16, 16, 0, 1, 1, 0, 167, 167, 0, 255, 255, 0, 255, 255, 0, 255, 255, 0, 127, 127, 0, 0, 0, 0, 54, 54, 0, 238, 238, 0, 
254, 254, 0, 93, 93, 0, 0, 0, 0, 82, 82, 0, 252, 252, 0, 255, 255, 0, 255, 255, 0, 205, 205, 0, 16, 16, 0, 1, 1, 0, 167, 167, 0, 255, 255, 0, 255, 255, 0, 255, 255, 0, 127, 127, 0, 0, 0, 0, 54, 54, 0, 238, 238, 0, 
254, 254, 0, 93, 93, 0, 0, 0, 0, 82, 82, 0, 252, 252, 0, 255, 255, 0, 255, 255, 0, 205, 205, 0, 16, 16, 0, 1, 1, 0, 167, 167, 0, 255, 255, 0, 255, 255, 0, 255, 255, 0, 127, 127, 0, 0, 0, 0, 53, 53, 0, 238, 238, 0, 
254, 254, 0, 93, 93, 0, 0, 0, 0, 82, 82, 0, 251, 251, 0, 255, 255, 0, 255, 255, 0, 205, 205, 0, 16, 16, 0, 1, 1, 0, 166, 166, 0, 255, 255, 0, 255, 255, 0, 255, 255, 0, 127, 127, 0, 0, 0, 0, 53, 53, 0, 238, 238, 0, 
254, 254, 0, 93, 93, 0, 0, 0, 0, 81, 81, 0, 251, 251, 0, 255, 255, 0, 255, 255, 0, 205, 205, 0, 16, 16, 0, 1, 1, 0, 166, 166, 0, 255, 255, 0, 255, 255, 0, 255, 255, 0, 127, 127, 0, 0, 0, 0, 53, 53, 0, 238, 238, 0, 
254, 254, 0, 93, 93, 0, 0, 0, 0, 81, 81, 0, 251, 251, 0, 255, 255, 0, 255, 255, 0, 205, 205, 0, 16, 16, 0, 1, 1, 0, 166, 166, 0, 255, 255, 0, 255, 255, 0, 255, 255, 0, 127, 127, 0, 0, 0, 0, 53, 53, 0, 238, 238, 0, 
254, 254, 0, 93, 93, 0, 0, 0, 0, 81, 81, 0, 251, 251, 0, 255, 255, 0, 255, 255, 0, 205, 205, 0, 16, 16, 0, 1, 1, 0, 166, 166, 0, 255, 255, 0, 255, 255, 0, 255, 255, 0, 127, 127, 0, 0, 0, 0, 52, 52, 0, 237, 237, 0, 
254, 254, 0, 191, 191, 0, 151, 151, 0, 186, 186, 0, 254, 254, 0, 255, 255, 0, 255, 255, 0, 235, 235, 0, 160, 160, 0, 155, 155, 0, 220, 220, 0, 255, 255, 0, 255, 255, 0, 255, 255, 0, 204, 204, 0, 151, 151, 0, 175, 175, 0, 248, 248, 0, 
255, 255, 0, 255, 255, 0, 255, 255, 0, 255, 255, 0, 255, 255, 0, 255, 255, 0, 255, 255, 0, 255, 255, 0, 255, 255, 0, 255, 255, 0, 255, 255, 0, 255, 255, 0, 255, 255, 0, 255, 255, 0, 255, 255, 0, 255, 255, 0, 255, 255, 0, 255, 255, 0, 
255, 255, 0, 255, 255, 0, 255, 255, 0, 255, 255, 0, 255, 255, 0, 255, 255, 0, 255, 255, 0, 255, 255, 0, 255, 255, 0, 255, 255, 0, 255, 255, 0, 255, 255, 0, 255, 255, 0, 255, 255, 0, 255, 255, 0, 255, 255, 0, 255, 255, 0, 255, 255, 0, 
255, 255, 0, 255, 255, 0, 255, 255, 0, 255, 255, 0, 255, 255, 0, 255, 255, 0, 255, 255, 0, 255, 255, 0, 255, 255, 0, 255, 255, 0, 255, 255, 0, 255, 255, 0, 255, 255, 0, 255, 255, 0, 255, 255, 0, 255, 255, 0, 255, 255, 0, 255, 255, 0, 
255, 255, 0, 255, 255, 0, 255, 255, 0, 255, 255, 0, 255, 255, 0, 255, 255, 0, 255, 255, 0, 255, 255, 0, 255, 255, 0, 255, 255, 0, 255, 255, 0, 255, 255, 0, 255, 255, 0, 255, 255, 0, 255, 255, 0, 255, 255, 0, 255, 255, 0, 255, 255, 0, 
255, 255, 0, 255, 255, 0, 255, 255, 0, 255, 255, 0, 255, 255, 0, 255, 255, 0, 255, 255, 0, 255, 255, 0, 255, 255, 0, 255, 255, 0, 255, 255, 0, 255, 255, 0, 255, 255, 0, 255, 255, 0, 255, 255, 0, 255, 255, 0, 255, 255, 0, 255, 255, 0, 
255, 255, 0, 255, 255, 0, 255, 255, 0, 255, 255, 0, 255, 255, 0, 255, 255, 0, 255, 255, 0, 255, 255, 0, 255, 255, 0, 255, 255, 0, 255, 255, 0, 255, 255, 0, 255, 255, 0, 255, 255, 0, 255, 255, 0, 255, 255, 0, 255, 255, 0, 255, 255, 0, 
255, 255, 0, 255, 255, 0, 255, 255, 0, 255, 255, 0, 255, 255, 0, 255, 255, 0, 255, 255, 0, 255, 255, 0, 255, 255, 0, 255, 255, 0, 255, 255, 0, 255, 255, 0, 255, 255, 0, 255, 255, 0, 255, 255, 0, 255, 255, 0, 255, 255, 0, 255, 255, 0, 
