255, 255, 0, 255, 255, 0, 255, 255, 0, 255, 255, 0, 255, 255, 0, 255, 255, 0, 255, 255, 0, 255, 255, 0, 255, 255, 0, 255, 255, 0, 255, 255, 0, 255, 255, 0, 255, 255, 0, 255, 255, 0, 255, 255, 0, 255, 255, 0, 255, 255, 0, 255, 255, 0, 
255, 255, 0, 255, 255, 0, 255, 255, 0, 255, 255, 0, 255, 255, 0, 255, 255, 0, 255, 255, 0, 255, 255, 0, 255, 255, 0, 255, 255, 0, 255, 255, 0, 255, 255, 0, 255, 255, 0, 255, 255, 0, 255, 255, 0, 255, 255, 0, 255, 255, 0, 255, 255, 0, 
255, 255, 0, 255, 255, 0, 255, 255, 0, 255, 255, 0, 255, 255, 0, 255, 255, 0, 255, 255, 0, 255, 255, 0, 255, 255, 0, 255, 255, 0, 255, 255, 0, 255, 255, 0, 255, 255, 0, 255, 255, 0, 255, 255, 0, 255, 255, 0, 255, 255, 0, 255, 255, 0, 
255, 255, 0, 255, 255, 0, 255, 255, 0, 255, 255, 0, 255, 255, 0, 255, 255, 0, 255, 255, 0, 255, 255, 0, 255, 255, 0, 255, 255, 0, 255, 255, 0, 255, 255, 0, 255, 255, 0, 255, 255, 0, 255, 255, 0, 255, 255, 0, 255, 255, 0, 255, 255, 0, 
255, 255, 0, 255, 255, 0, 255, 255, 0, 255, 255, 0, 255, 255, 0, 255, 255, 0, 255, 255, 0, 255, 255, 0, 255, 255, 0, 255, 255, 0, 255, 255, 0, 255, 255, 0, 255, 255, 0, 255, 255, 0, 255, 255, 0, 255, 255, 0, 255, 255, 0, 255, 255, 0, 
255, 255, 0, 255, 255, 0, 255, 255, 0, 255, 255, 0, 255, 255, 0, 255, 255, 0, 255, 255, 0, 255, 255, 0, 255, 255, 0, 255, 255, 0, 255, 255, 0, 255, 255, 0, 255, 255, 0, 255, 255, 0, 255, 255, 0, 255, 255, 0, 255, 255, 0, 255, 255, 0, 
255, 255, 0, 255, 255, 0, 255, 255, 0, 255, 255, 0, 255, 255, 0, 255, 255, 0, 255, 255, 0, 255, 255, 0, 255, 255, 0, 255, 255, 0, 255, 255, 0, 255, 255, 0, 255, 255, 0, 255, 255, 0, 255, 255, 0, 255, 255, 0, 255, 255, 0, 255, 255, 0, 
255, 255, 0, 255, 255, 0, 255, 255, 0, 255, 255, 0, 255, 255, 0, 255, 255, 0, 255, 255, 0, 255, 255, 0, 255, 255, 0, 255, 255, 0, 255, 255, 0, 255, 255, 0, 255, 255, 0, 255, 255, 0, 255, 255, 0, 255, 255, 0, 255, 255, 0, 255, 255, 0, 
255, 255, 0, 255, 255, 0, 255, 255, 0, 255, 255, 0, 255, 255, 0, 255, 255, 0, 255, 255, 0, 255, 255, 0, 255, 255, 0, 255, 255, 0, 255, 255, 0, 255, 255, 0, 255, 255, 0, 255, 255, 0, 255, 255, 0, 255, 255, 0, 255, 255, 0, 255, 255, 0, 
255, 255, 0, 255, 255, 0, 255, 255, 0, 255, 255, 0, 255, 255, 0, 255, 255, 0, 255, 255, 0, 255, 255, 0, 255, 255, 0, 255, 255, 0, 255, 255, 0, 255, 255, 0, 255, 255, 0, 255, 255, 0, 255, 255, 0, 255, 255, 0, 255, 255, 0, 255, 255, 0, 
255, 255, 0, 255, 255, 0, 255, 255, 0, 255, 255, 0, 255, 255, 0, 255, 255, 0, 255, 255, 0, 255, 255, 0, 255, 255, 0, 255, 255, 0, 255, 255, 0, 255, 255, 0, 255, 255, 0, 255, 255, 0, 255, 255, 0, 255, 255, 0, 255, 255, 0, 255, 255, 0, 
231, 231, 0, 210, 210, 0, 212, 212, 0, 245, 245, 0, 255, 255, 0, 255, 255, 0, 255, 255, 0, 255, 255, 0, 255, 255, 0, 255, 255, 0, 255, 255, 0, 255, 255, 0, 255, 255, 0, 255, 255, 0, 246, 246, 0, 213, 213, 0, 211, 211, 0, 238, 238, 0, 
156, 156, 0, 21, 21, 0, 37, 37, 0, 212, 212, 0, 255, 255, 0, 255, 255, 0, 255, 255, 0, 255, 255, 0, 255, 255, 0, 255, 255, 0, 255, 255, 0, 255, 255, 0, 255, 255, 0, 255, 255, 0, 208, 208, 0, 33, 33, 0, 27, 27, 0, 183, 183, 0, 
190, 190, 0, 15, 15, 0, 16, 16, 0, 205, 205, 0, 255, 255, 0, 255, 255, 0, 255, 255, 0, 250, 250, 0, 153, 153, 0, 135, 135, 0, 239, 239, 0, 255, 255, 0, 255, 255, 0, 255, 255, 0, 200, 200, 0, 12, 12, 0, 21, 21, 0, 204, 204, 0, 
225, 225, 0, 40, 40, 0, 0, 0, 0, 166, 166, 0, 255, 255, 0, 255, 255, 0, 255, 255, 0, 229, 229, 0, 38, 38, 0, 9, 9, 0, 190, 190, 0, 255, 255, 0, 255, 255, 0, 255, 255, 0, 192, 192, 0, 8, 8, 0, 39, 39, 0, 226, 226, 0, 
247, 247, 0, 75, 75, 0, 0, 0, 0, 121, 121, 0, 255, 255, 0, 255, 255, 0, 255, 255, 0, 191, 191, 0, 11, 11, 0, 0, 0, 0, 128, 128, 0, 255, 255, 0, 255, 255, 0, 255, 255, 0, 175, 175, 0, 1, 1, 0, 63, 63, 0, 243, 243, 0, 
255, 255, 0, 118, 118, 0, 0, 0, 0, 77, 77, 0, 249, 249, 0, 255, 255, 0, 255, 255, 0, 141, 141, 0, 0, 0, 0, 0, 0, 0, 65, 65, 0, 244, 244, 0, 255, 255, 0, 255, 255, 0, 153, 153, 0, 0, 0, 0, 92, 92, 0, 253, 253, 0, 
255, 255, 0, 162, 162, 0, 0, 0, 0, 40, 40, 0, 230, 230, 0, 255, 255, 0, 252, 252, 0, 88, 88, 0, 0, 0, 0, 3, 3, 0, 20, 20, 0, 207, 207, 0, 255, 255, 0, 255, 255, 0, 124, 124, 0, 0, 0, 0, 127, 127, 0, 255, 255, 0, 
255, 255, 0, 202, 202, 0, 14, 14, 0, 14, 14, 0, 200, 200, 0, 255, 255, 0, 232, 232, 0, 41, 41, 0, 38, 38, 0, 58, 58, 0, 0, 0, 0, 149, 149, 0, 255, 255, 0, 254, 254, 0, 93, 93, 0, 0, 0, 0, 162, 162, 0, 255, 255, 0, 
255, 255, 0, 231, 231, 0, 41, 41, 0, 0, 0, 0, 159, 159, 0, 255, 255, 0, 197, 197, 0, 10, 10, 0, 102, 102, 0, 139, 139, 0, 0, 0, 0, 84, 84, 0, 251, 251, 0, 245, 245, 0, 63, 63, 0, 7, 7, 0, 194, 194, 0, 255, 255, 0, 
255, 255, 0, 249, 249, 0, 77, 77, 0, 0, 0, 0, 114, 114, 0, 255, 255, 0, 147, 147, 0, 1, 1, 0, 162, 162, 0, 201, 201, 0, 12, 12, 0, 31, 31, 0, 223, 223, 0, 232, 232, 0, 36, 36, 0, 27, 27, 0, 221, 221, 0, 255, 255, 0, 
255, 255, 0, 255, 255, 0, 120, 120, 0, 0, 0, 0, 71, 71, 0, 246, 246, 0, 93, 93, 0, 18, 18, 0, 212, 212, 0, 240, 240, 0, 51, 51, 0, 1, 1, 0, 172, 172, 0, 212, 212, 0, 16, 16, 0, 55, 55, 0, 241, 241, 0, 255, 255, 0, 
255, 255, 0, 255, 255, 0, 165, 165, 0, 0, 0, 0, 37, 37, 0, 207, 207, 0, 46, 46, 0, 61, 61, 0, 244, 244, 0, 255, 255, 0, 107, 107, 0, 0, 0, 0, 109, 109, 0, 181, 181, 0, 2, 2, 0, 92, 92, 0, 253, 253, 0, 255, 255, 0, 
255, 255, 0, 255, 255, 0, 204, 204, 0, 16, 16, 0, 14, 14, 0, 141, 141, 0, 16, 16, 0, 119, 119, 0, 255, 255, 0, 255, 255, 0, 169, 169, 0, 1, 1, 0, 51, 51, 0, 128, 128, 0, 0, 0, 0, 131, 131, 0, 255, 255, 0, 255, 255, 0, 
255, 255, 0, 255, 255, 0, 233, 233, 0, 43, 43, 0, 1, 1, 0, 53, 53, 0, 11, 11, 0, 178, 178, 0, 255, 255, 0, 255, 255, 0, 219, 219, 0, 29, 29, 0, 11, 11, 0, 49, 49, 0, 3, 3, 0, 171, 171, 0, 255, 255, 0, 255, 255, 0, 
255, 255, 0, 255, 255, 0, 250, 250, 0, 80, 80, 0, 0, 0, 0, 0, 0, 0, 34, 34, 0, 224, 224, 0, 255, 255, 0, 255, 255, 0, 248, 248, 0, 77, 77, 0, 0, 0, 0, 1, 1, 0, 18, 18, 0, 206, 206, 0, 255, 255, 0, 255, 255, 0, 
255, 255, 0, 255, 255, 0, 255, 255, 0, 124, 124, 0, 0, 0, 0, 0, 0, 0, 82, 82, 0, 250, 250, 0, 255, 255, 0, 255, 255, 0, 255, 255, 0, 138, 138, 0, 0, 0, 0, 0, 0, 0, 42, 42, 0, 232, 232, 0, 255, 255, 0, 255, 255, 0, 
255, 255, 0, 255, 255, 0, 255, 255, 0, 168, 168, 0, 3, 3, 0, 0, 0, 0, 140, 140, 0, 255, 255, 0, 255, 255, 0, 255, 255, 0, 255, 255, 0, 196, 196, 0, 14, 14, 0, 0, 0, 0, 76, 76, 0, 249, 249, 0, 255, 255, 0, 255, 255, 0, 
255, 255, 0, 255, 255, 0, 255, 255, 0, 229, 229, 0, 152, 152, 0, 149, 149, 0, 222, 222, 0, 255, 255, 0, 255, 255, 0, 255, 255, 0, 255, 255, 0, 242, 242, 0, 162, 162, 0, 145, 145, 0, 190, 190, 0, 255, 255, 0, 255, 255, 0, 255, 255, 0, 
255, 255, 0, 255, 255, 0, 255, 255, 0, 255, 255, 0, 255, 255, 0, 255, 255, 0, 255, 255, 0, 255, 255, 0, 255, 255, 0, 255, 255, 0, 255, 255, 0, 255, 255, 0, 255, 255, 0, 255, 255, 0, 255, 255, 0, 255, 255, 0, 255, 255, 0, 255, 255, 0, 
255, 255, 0, 255, 255, 0, 255, 255, 0, 255, 255, 0, 255, 255, 0, 255, 255, 0, 255, 255, 0, 255, 255, 0, 255, 255, 0, 255, 255, 0, 255, 255, 0, 255, 255, 0, 255, 255, 0, 255, 255, 0, 255, 255, 0, 255, 255, 0, 255, 255, 0, 255, 255, 0, 
255, 255, 0, 255, 255, 0, 255, 255, 0, 255, 255, 0, 255, 255, 0, 255, 255, 0, 255, 255, 0, 255, 255, 0, 255, 255, 0, 255, 255, 0, 255, 255, 0, 255, 255, 0, 255, 255, 0, 255, 255, 0, 255, 255, 0, 255, 255, 0, 255, 255, 0, 255, 255, 0, 
255, 255, 0, 255, 255, 0, 255, 255, 0, 255, 255, 0, 255, 255, 0, 255, 255, 0, 255, 255, 0, 255, 255, 0, 255, 255, 0, 255, 255, 0, 255, 255, 0, 255, 255, 0, 255, 255, 0, 255, 255, 0, 255, 255, 0, 255, 255, 0, 255, 255, 0, 255, 255, 0, 
255, 255, 0, 255, 255, 0, 255, 255, 0, 255, 255, 0, 255, 255, 0, 255, 255, 0, 255, 255, 0, 255, 255, 0, 255, 255, 0, 255, 255, 0, 255, 255, 0, 255, 255, 0, 255, 255, 0, 255, 255, 0, 255, 255, 0, 255, 255, 0, 255, 255, 0, 255, 255, 0, 
255, 255, 0, 255, 255, 0, 255, 255, 0, 255, 255, 0, 255, 255, 0, 255, 255, 0, 255, 255, 0, 255, 255, 0, 255, 255, 0, 255, 255, 0, 255, 255, 0, 255, 255, 0, 255, 255, 0, 255, 255, 0, 255, 255, 0, 255, 255, 0, 255, 255, 0, 255, 255, 0, 
255, 255, 0, 255, 255, 0, 255, 255, 0, 255, 255, 0, 255, 255, 0, 255, 255, 0, 255, 255, 0, 255, 255, 0, 255, 255, 0, 255, 255, 0, 255, 255, 0, 255, 255, 0, 255, 255, 0, 255, 255, 0, 255, 255, 0, 255, 255, 0, 255, 255, 0, 255, 255, 0, 
