255, 255, 0, 255, 255, 0, 255, 255, 0, 255, 255, 0, 255, 255, 0, 255, 255, 0, 255, 255, 0, 255, 255, 0, 255, 255, 0, 255, 255, 0, 255, 255, 0, 255, 255, 0, 255, 255, 0, 255, 255, 0, 255, 255, 0, 255, 255, 0, 255, 255, 0, 255, 255, 0, 
255, 255, 0, 255, 255, 0, 255, 255, 0, 255, 255, 0, 255, 255, 0, 255, 255, 0, 255, 255, 0, 255, 255, 0, 255, 255, 0, 255, 255, 0, 255, 255, 0, 255, 255, 0, 255, 255, 0, 255, 255, 0, 255, 255, 0, 255, 255, 0, 255, 255, 0, 255, 255, 0, 
255, 255, 0, 255, 255, 0, 255, 255, 0, 255, 255, 0, 255, 255, 0, 255, 255, 0, 255, 255, 0, 255, 255, 0, 255, 255, 0, 255, 255, 0, 255, 255, 0, 255, 255, 0, 255, 255, 0, 255, 255, 0, 255, 255, 0, 255, 255, 0, 255, 255, 0, 255, 255, 0, 
255, 255, 0, 255, 255, 0, 255, 255, 0, 255, 255, 0, 255, 255, 0, 255, 255, 0, 255, 255, 0, 255, 255, 0, 255, 255, 0, 255, 255, 0, 255, 255, 0, 255, 255, 0, 255, 255, 0, 255, 255, 0, 255, 255, 0, 255, 255, 0, 255, 255, 0, 255, 255, 0, 
255, 255, 0, 255, 255, 0, 255, 255, 0, 255, 255, 0, 255, 255, 0, 255, 255, 0, 255, 255, 0, 255, 255, 0, 255, 255, 0, 255, 255, 0, 255, 255, 0, 255, 255, 0, 255, 255, 0, 255, 255, 0, 255, 255, 0, 255, 255, 0, 255, 255, 0, 255, 255, 0, 
255, 255, 0, 255, 255, 0, 255, 255, 0, 255, 255, 0, 255, 255, 0, 255, 255, 0, 255, 255, 0, 241, 241, 0, 209, 209, 0, 185, 185, 0, 185, 185, 0, 209, 209, 0, 242, 242, 0, 255, 255, 0, 255, 255, 0, 255, 255, 0, 255, 255, 0, 255, 255, 0, 
255, 255, 0, 255, 255, 0, 255, 255, 0, 255, 255, 0, 255, 255, 0, 230, 230, 0, 140, 140, 0, 58, 58, 0, 19, 19, 0, 4, 4, 0, 5, 5, 0, 19, 19, 0, 64, 64, 0, 156, 156, 0, 241, 241, 0, 255, 255, 0, 255, 255, 0, 255, 255, 0, 
255, 255, 0, 255, 255, 0, 255, 255, 0, 255, 255, 0, 193, 193, 0, 56, 56, 0, 2, 2, 0, 0, 0, 0, 16, 16, 0, 38, 38, 0, 37, 37, 0, 13, 13, 0, 0, 0, 0, 5, 5, 0, 86, 86, 0, 223, 223, 0, 255, 255, 0, 255, 255, 0, 
255, 255, 0, 255, 255, 0, 255, 255, 0, 194, 194, 0, 34, 34, 0, 0, 0, 0, 26, 26, 0, 126, 126, 0, 203, 203, 0, 231, 231, 0, 230, 230, 0, 195, 195, 0, 99, 99, 0, 9, 9, 0, 0, 0, 0, 77, 77, 0, 234, 234, 0, 255, 255, 0, 
255, 255, 0, 255, 255, 0, 233, 233, 0, 61, 61, 0, 0, 0, 0, 34, 34, 0, 187, 187, 0, 254, 254, 0, 255, 255, 0, 255, 255, 0, 255, 255, 0, 255, 255, 0, 248, 248, 0, 132, 132, 0, 4, 4, 0, 14, 14, 0, 187, 187, 0, 255, 255, 0, 
255, 255, 0, 255, 255, 0, 149, 149, 0, 2, 2, 0, 9, 9, 0, 165, 165, 0, 255, 255, 0, 255, 255, 0, 255, 255, 0, 255, 255, 0, 255, 255, 0, 255, 255, 0, 255, 255, 0, 239, 239, 0, 77, 77, 0, 129, 129, 0, 248, 248, 0, 255, 255, 0, 
255, 255, 0, 242, 242, 0, 64, 64, 0, 0, 0, 0, 71, 71, 0, 243, 243, 0, 255, 255, 0, 255, 255, 0, 255, 255, 0, 255, 255, 0, 255, 255, 0, 255, 255, 0, 255, 255, 0, 255, 255, 0, 227, 227, 0, 245, 245, 0, 255, 255, 0, 255, 255, 0, 
255, 255, 0, 202, 202, 0, 17, 17, 0, 0, 0, 0, 151, 151, 0, 255, 255, 0, 255, 255, 0, 255, 255, 0, 255, 255, 0, 255, 255, 0, 255, 255, 0, 255, 255, 0, 255, 255, 0, 255, 255, 0, 255, 255, 0, 255, 255, 0, 255, 255, 0, 255, 255, 0, 
255, 255, 0, 158, 158, 0, 0, 0, 0, 17, 17, 0, 204, 204, 0, 255, 255, 0, 255, 255, 0, 255, 255, 0, 255, 255, 0, 255, 255, 0, 255, 255, 0, 255, 255, 0, 255, 255, 0, 255, 255, 0, 255, 255, 0, 255, 255, 0, 255, 255, 0, 255, 255, 0, 
255, 255, 0, 122, 122, 0, 0, 0, 0, 37, 37, 0, 229, 229, 0, 255, 255, 0, 255, 255, 0, 255, 255, 0, 255, 255, 0, 255, 255, 0, 255, 255, 0, 255, 255, 0, 255, 255, 0, 255, 255, 0, 255, 255, 0, 255, 255, 0, 255, 255, 0, 255, 255, 0, 
255, 255, 0, 99, 99, 0, 0, 0, 0, 53, 53, 0, 240, 240, 0, 255, 255, 0, 255, 255, 0, 255, 255, 0, 255, 255, 0, 255, 255, 0, 255, 255, 0, 255, 255, 0, 255, 255, 0, 255, 255, 0, 255, 255, 0, 255, 255, 0, 255, 255, 0, 255, 255, 0, 
252, 252, 0, 86, 86, 0, 0, 0, 0, 60, 60, 0, 244, 244, 0, 255, 255, 0, 255, 255, 0, 255, 255, 0, 255, 255, 0, 255, 255, 0, 255, 255, 0, 255, 255, 0, 255, 255, 0, 255, 255, 0, 255, 255, 0, 255, 255, 0, 255, 255, 0, 255, 255, 0, 
250, 250, 0, 81, 81, 0, 0, 0, 0, 59, 59, 0, 243, 243, 0, 255, 255, 0, 255, 255, 0, 255, 255, 0, 255, 255, 0, 249, 249, 0, 173, 173, 0, 151, 151, 0, 153, 153, 0, 153, 153, 0, 153, 153, 0, 151, 151, 0, 202, 202, 0, 255, 255, 0, 
252, 252, 0, 86, 86, 0, 0, 0, 0, 51, 51, 0, 239, 239, 0, 255, 255, 0, 255, 255, 0, 255, 255, 0, 255, 255, 0, 239, 239, 0, 50, 50, 0, 0, 0, 0, 0, 0, 0, 0, 0, 0, 0, 0, 0, 0, 0, 0, 122, 122, 0, 255, 255, 0, 
255, 255, 0, 104, 104, 0, 0, 0, 0, 35, 35, 0, 227, 227, 0, 255, 255, 0, 255, 255, 0, 255, 255, 0, 255, 255, 0, 243, 243, 0, 99, 99, 0, 59, 59, 0, 61, 61, 0, 58, 58, 0, 13, 13, 0, 0, 0, 0, 122, 122, 0, 255, 255, 0, 
255, 255, 0, 134, 134, 0, 0, 0, 0, 15, 15, 0, 200, 200, 0, 255, 255, 0, 255, 255, 0, 255, 255, 0, 255, 255, 0, 254, 254, 0, 246, 246, 0, 244, 244, 0, 245, 245, 0, 232, 232, 0, 54, 54, 0, 0, 0, 0, 122, 122, 0, 255, 255, 0, 
255, 255, 0, 178, 178, 0, 6, 6, 0, 0, 0, 0, 149, 149, 0, 255, 255, 0, 255, 255, 0, 255, 255, 0, 255, 255, 0, 255, 255, 0, 255, 255, 0, 255, 255, 0, 255, 255, 0, 242, 242, 0, 56, 56, 0, 0, 0, 0, 122, 122, 0, 255, 255, 0, 
255, 255, 0, 224, 224, 0, 35, 35, 0, 0, 0, 0, 75, 75, 0, 245, 245, 0, 255, 255, 0, 255, 255, 0, 255, 255, 0, 255, 255, 0, 255, 255, 0, 255, 255, 0, 255, 255, 0, 242, 242, 0, 57, 57, 0, 0, 0, 0, 122, 122, 0, 255, 255, 0, 
255, 255, 0, 253, 253, 0, 103, 103, 0, 0, 0, 0, 13, 13, 0, 181, 181, 0, 255, 255, 0, 255, 255, 0, 255, 255, 0, 255, 255, 0, 255, 255, 0, 255, 255, 0, 255, 255, 0, 242, 242, 0, 57, 57, 0, 0, 0, 0, 122, 122, 0, 255, 255, 0, 
255, 255, 0, 255, 255, 0, 198, 198, 0, 22, 22, 0, 0, 0, 0, 56, 56, 0, 220, 220, 0, 255, 255, 0, 255, 255, 0, 255, 255, 0, 255, 255, 0, 255, 255, 0, 255, 255, 0, 242, 242, 0, 56, 56, 0, 0, 0, 0, 122, 122, 0, 255, 255, 0, 
255, 255, 0, 255, 255, 0, 253, 253, 0, 130, 130, 0, 4, 4, 0, 0, 0, 0, 62, 62, 0, 195, 195, 0, 250, 250, 0, 255, 255, 0, 255, 255, 0, 252, 252, 0, 226, 226, 0, 136, 136, 0, 17, 17, 0, 0, 0, 0, 122, 122, 0, 255, 255, 0, 
255, 255, 0, 255, 255, 0, 255, 255, 0, 242, 242, 0, 108, 108, 0, 5, 5, 0, 0, 0, 0, 20, 20, 0, 81, 81, 0, 122, 122, 0, 120, 120, 0, 89, 89, 0, 38, 38, 0, 3, 3, 0, 0, 0, 0, 27, 27, 0, 173, 173, 0, 255, 255, 0, 
255, 255, 0, 255, 255, 0, 255, 255, 0, 255, 255, 0, 244, 244, 0, 147, 147, 0, 39, 39, 0, 2, 2, 0, 0, 0, 0, 0, 0, 0, 0, 0, 0, 0, 0, 0, 1, 1, 0, 24, 24, 0, 99, 99, 0, 204, 204, 0, 254, 254, 0, 255, 255, 0, 
255, 255, 0, 255, 255, 0, 255, 255, 0, 255, 255, 0, 255, 255, 0, 254, 254, 0, 224, 224, 0, 159, 159, 0, 108, 108, 0, 84, 84, 0, 82, 82, 0, 104, 104, 0, 151, 151, 0, 212, 212, 0, 250, 250, 0, 255, 255, 0, 255, 255, 0, 255, 255, 0, 
255, 255, 0, 255, 255, 0, 255, 255, 0, 255, 255, 0, 255, 255, 0, 255, 255, 0, 255, 255, 0, 255, 255, 0, 255, 255, 0, 252, 252, 0, 252, 252, 0, 255, 255, 0, 255, 255, 0, 255, 255, 0, 255, 255, 0, 255, 255, 0, 255, 255, 0, 255, 255, 0, 
255, 255, 0, 255, 255, 0, 255, 255, 0, 255, 255, 0, 255, 255, 0, 255, 255, 0, 255, 255, 0, 255, 255, 0, 255, 255, 0, 255, 255, 0, 255, 255, 0, 255, 255, 0, 255, 255, 0, 255, 255, 0, 255, 255, 0, 255, 255, 0, 255, 255, 0, 255, 255, 0, 
255, 255, 0, 255, 255, 0, 255, 255, 0, 255, 255, 0, 255, 255, 0, 255, 255, 0, 255, 255, 0, 255, 255, 0, 255, 255, 0, 255, 255, 0, 255, 255, 0, 255, 255, 0, 255, 255, 0, 255, 255, 0, 255, 255, 0, 255, 255, 0, 255, 255, 0, 255, 255, 0, 
255, 255, 0, 255, 255, 0, 255, 255, 0, 255, 255, 0, 255, 255, 0, 255, 255, 0, 255, 255, 0, 255, 255, 0, 255, 255, 0, 255, 255, 0, 255, 255, 0, 255, 255, 0, 255, 255, 0, 255, 255, 0, 255, 255, 0, 255, 255, 0, 255, 255, 0, 255, 255, 0, 
255, 255, 0, 255, 255, 0, 255, 255, 0, 255, 255, 0, 255, 255, 0, 255, 255, 0, 255, 255, 0, 255, 255, 0, 255, 255, 0, 255, 255, 0, 255, 255, 0, 255, 255, 0, 255, 255, 0, 255, 255, 0, 255, 255, 0, 255, 255, 0, 255, 255, 0, 255, 255, 0, 
255, 255, 0, 255, 255, 0, 255, 255, 0, 255, 255, 0, 255, 255, 0, 255, 255, 0, 255, 255, 0, 255, 255, 0, 255, 255, 0, 255, 255, 0, 255, 255, 0, 255, 255, 0, 255, 255, 0, 255, 255, 0, 255, 255, 0, 255, 255, 0, 255, 255, 0, 255, 255, 0, 
255, 255, 0, 255, 255, 0, 255, 255, 0, 255, 255, 0, 255, 255, 0, 255, 255, 0, 255, 255, 0, 255, 255, 0, 255, 255, 0, 255, 255, 0, 255, 255, 0, 255, 255, 0, 255, 255, 0, 255, 255, 0, 255, 255, 0, 255, 255, 0, 255, 255, 0, 255, 255, 0, 
