255, 255, 0, 255, 255, 0, 255, 255, 0, 255, 255, 0, 255, 255, 0, 255, 255, 0, 255, 255, 0, 255, 255, 0, 255, 255, 0, 255, 255, 0, 255, 255, 0, 255, 255, 0, 255, 255, 0, 255, 255, 0, 255, 255, 0, 255, 255, 0, 255, 255, 0, 255, 255, 0, 
255, 255, 0, 255, 255, 0, 255, 255, 0, 255, 255, 0, 255, 255, 0, 255, 255, 0, 255, 255, 0, 255, 255, 0, 255, 255, 0, 255, 255, 0, 255, 255, 0, 255, 255, 0, 255, 255, 0, 255, 255, 0, 255, 255, 0, 255, 255, 0, 255, 255, 0, 255, 255, 0, 
255, 255, 0, 255, 255, 0, 255, 255, 0, 255, 255, 0, 255, 255, 0, 255, 255, 0, 255, 255, 0, 255, 255, 0, 255, 255, 0, 255, 255, 0, 255, 255, 0, 255, 255, 0, 255, 255, 0, 255, 255, 0, 255, 255, 0, 255, 255, 0, 255, 255, 0, 255, 255, 0, 
255, 255, 0, 255, 255, 0, 255, 255, 0, 255, 255, 0, 255, 255, 0, 255, 255, 0, 255, 255, 0, 255, 255, 0, 255, 255, 0, 255, 255, 0, 255, 255, 0, 255, 255, 0, 255, 255, 0, 255, 255, 0, 255, 255, 0, 255, 255, 0, 255, 255, 0, 255, 255, 0, 
255, 255, 0, 255, 255, 0, 255, 255, 0, 255, 255, 0, 255, 255, 0, 255, 255, 0, 255, 255, 0, 255, 255, 0, 255, 255, 0, 255, 255, 0, 255, 255, 0, 255, 255, 0, 255, 255, 0, 255, 255, 0, 255, 255, 0, 255, 255, 0, 255, 255, 0, 255, 255, 0, 
255, 255, 0, 241, 241, 0, 215, 215, 0, 215, 215, 0, 216, 216, 0, 216, 216, 0, 216, 216, 0, 216, 216, 0, 218, 218, 0, 226, 226, 0, 240, 240, 0, 253, 253, 0, 255, 255, 0, 255, 255, 0, 255, 255, 0, 255, 255, 0, 255, 255, 0, 255, 255, 0, 
255, 255, 0, 177, 177, 0, 25, 25, 0, 24, 24, 0, 23, 23, 0, 22, 22, 0, 22, 22, 0, 22, 22, 0, 24, 24, 0, 31, 31, 0, 54, 54, 0, 98, 98, 0, 174, 174, 0, 243, 243, 0, 255, 255, 0, 255, 255, 0, 255, 255, 0, 255, 255, 0, 
255, 255, 0, 169, 169, 0, 2, 2, 0, 0, 0, 0, 21, 21, 0, 30, 30, 0, 30, 30, 0, 31, 31, 0, 29, 29, 0, 17, 17, 0, 2, 2, 0, 0, 0, 0, 8, 8, 0, 93, 93, 0, 231, 231, 0, 255, 255, 0, 255, 255, 0, 255, 255, 0, 
255, 255, 0, 169, 169, 0, 2, 2, 0, 5, 5, 0, 161, 161, 0, 228, 228, 0, 225, 225, 0, 226, 226, 0, 224, 224, 0, 209, 209, 0, 156, 156, 0, 56, 56, 0, 1, 1, 0, 0, 0, 0, 104, 104, 0, 249, 249, 0, 255, 255, 0, 255, 255, 0, 
255, 255, 0, 169, 169, 0, 2, 2, 0, 6, 6, 0, 182, 182, 0, 255, 255, 0, 255, 255, 0, 255, 255, 0, 255, 255, 0, 255, 255, 0, 255, 255, 0, 226, 226, 0, 66, 66, 0, 0, 0, 0, 17, 17, 0, 198, 198, 0, 255, 255, 0, 255, 255, 0, 
255, 255, 0, 169, 169, 0, 2, 2, 0, 6, 6, 0, 182, 182, 0, 255, 255, 0, 255, 255, 0, 255, 255, 0, 255, 255, 0, 255, 255, 0, 255, 255, 0, 255, 255, 0, 171, 171, 0, 6, 6, 0, 0, 0, 0, 146, 146, 0, 255, 255, 0, 255, 255, 0, 
255, 255, 0, 169, 169, 0, 2, 2, 0, 6, 6, 0, 182, 182, 0, 255, 255, 0, 255, 255, 0, 255, 255, 0, 255, 255, 0, 255, 255, 0, 255, 255, 0, 255, 255, 0, 212, 212, 0, 21, 21, 0, 0, 0, 0, 129, 129, 0, 255, 255, 0, 255, 255, 0, 
255, 255, 0, 169, 169, 0, 2, 2, 0, 6, 6, 0, 182, 182, 0, 255, 255, 0, 255, 255, 0, 255, 255, 0, 255, 255, 0, 255, 255, 0, 255, 255, 0, 255, 255, 0, 187, 187, 0, 10, 10, 0, 0, 0, 0, 153, 153, 0, 255, 255, 0, 255, 255, 0, 
255, 255, 0, 169, 169, 0, 2, 2, 0, 6, 6, 0, 182, 182, 0, 255, 255, 0, 255, 255, 0, 255, 255, 0, 255, 255, 0, 255, 255, 0, 255, 255, 0, 243, 243, 0, 92, 92, 0, 0, 0, 0, 25, 25, 0, 209, 209, 0, 255, 255, 0, 255, 255, 0, 
255, 255, 0, 169, 169, 0, 2, 2, 0, 5, 5, 0, 177, 177, 0, 252, 252, 0, 248, 248, 0, 248, 248, 0, 246, 246, 0, 235, 235, 0, 197, 197, 0, 95, 95, 0, 5, 5, 0, 1, 1, 0, 118, 118, 0, 252, 252, 0, 255, 255, 0, 255, 255, 0, 
255, 255, 0, 169, 169, 0, 2, 2, 0, 1, 1, 0, 50, 50, 0, 70, 70, 0, 69, 69, 0, 69, 69, 0, 64, 64, 0, 45, 45, 0, 15, 15, 0, 0, 0, 0, 14, 14, 0, 106, 106, 0, 236, 236, 0, 255, 255, 0, 255, 255, 0, 255, 255, 0, 
255, 255, 0, 169, 169, 0, 2, 2, 0, 0, 0, 0, 0, 0, 0, 0, 0, 0, 0, 0, 0, 0, 0, 0, 0, 0, 0, 0, 0, 0, 0, 0, 0, 0, 0, 0, 60, 60, 0, 208, 208, 0, 255, 255, 0, 255, 255, 0, 255, 255, 0, 255, 255, 0, 
255, 255, 0, 169, 169, 0, 2, 2, 0, 3, 3, 0, 111, 111, 0, 158, 158, 0, 155, 155, 0, 155, 155, 0, 151, 151, 0, 131, 131, 0, 88, 88, 0, 29, 29, 0, 1, 1, 0, 39, 39, 0, 176, 176, 0, 254, 254, 0, 255, 255, 0, 255, 255, 0, 
255, 255, 0, 169, 169, 0, 2, 2, 0, 6, 6, 0, 182, 182, 0, 255, 255, 0, 255, 255, 0, 255, 255, 0, 255, 255, 0, 255, 255, 0, 252, 252, 0, 212, 212, 0, 78, 78, 0, 0, 0, 0, 26, 26, 0, 189, 189, 0, 255, 255, 0, 255, 255, 0, 
255, 255, 0, 169, 169, 0, 2, 2, 0, 6, 6, 0, 182, 182, 0, 255, 255, 0, 255, 255, 0, 255, 255, 0, 255, 255, 0, 255, 255, 0, 255, 255, 0, 255, 255, 0, 219, 219, 0, 42, 42, 0, 0, 0, 0, 67, 67, 0, 240, 240, 0, 255, 255, 0, 
255, 255, 0, 169, 169, 0, 2, 2, 0, 6, 6, 0, 182, 182, 0, 255, 255, 0, 255, 255, 0, 255, 255, 0, 255, 255, 0, 255, 255, 0, 255, 255, 0, 255, 255, 0, 255, 255, 0, 121, 121, 0, 0, 0, 0, 12, 12, 0, 193, 193, 0, 255, 255, 0, 
255, 255, 0, 169, 169, 0, 2, 2, 0, 6, 6, 0, 182, 182, 0, 255, 255, 0, 255, 255, 0, 255, 255, 0, 255, 255, 0, 255, 255, 0, 255, 255, 0, 255, 255, 0, 255, 255, 0, 168, 168, 0, 2, 2, 0, 0, 0, 0, 157, 157, 0, 255, 255, 0, 
255, 255, 0, 169, 169, 0, 2, 2, 0, 6, 6, 0, 182, 182, 0, 255, 255, 0, 255, 255, 0, 255, 255, 0, 255, 255, 0, 255, 255, 0, 255, 255, 0, 255, 255, 0, 255, 255, 0, 163, 163, 0, 1, 1, 0, 0, 0, 0, 151, 151, 0, 255, 255, 0, 
255, 255, 0, 169, 169, 0, 2, 2, 0, 6, 6, 0, 182, 182, 0, 255, 255, 0, 255, 255, 0, 255, 255, 0, 255, 255, 0, 255, 255, 0, 255, 255, 0, 255, 255, 0, 253, 253, 0, 102, 102, 0, 0, 0, 0, 6, 6, 0, 178, 178, 0, 255, 255, 0, 
255, 255, 0, 169, 169, 0, 2, 2, 0, 6, 6, 0, 182, 182, 0, 255, 255, 0, 255, 255, 0, 255, 255, 0, 255, 255, 0, 255, 255, 0, 255, 255, 0, 255, 255, 0, 190, 190, 0, 23, 23, 0, 0, 0, 0, 41, 41, 0, 226, 226, 0, 255, 255, 0, 
255, 255, 0, 169, 169, 0, 2, 2, 0, 5, 5, 0, 175, 175, 0, 249, 249, 0, 245, 245, 0, 245, 245, 0, 245, 245, 0, 241, 241, 0, 223, 223, 0, 159, 159, 0, 40, 40, 0, 0, 0, 0, 6, 6, 0, 144, 144, 0, 255, 255, 0, 255, 255, 0, 
255, 255, 0, 169, 169, 0, 2, 2, 0, 1, 1, 0, 44, 44, 0, 63, 63, 0, 63, 63, 0, 63, 63, 0, 62, 62, 0, 54, 54, 0, 30, 30, 0, 4, 4, 0, 0, 0, 0, 12, 12, 0, 122, 122, 0, 244, 244, 0, 255, 255, 0, 255, 255, 0, 
255, 255, 0, 169, 169, 0, 2, 2, 0, 0, 0, 0, 0, 0, 0, 0, 0, 0, 0, 0, 0, 0, 0, 0, 0, 0, 0, 0, 0, 0, 8, 8, 0, 30, 30, 0, 84, 84, 0, 179, 179, 0, 249, 249, 0, 255, 255, 0, 255, 255, 0, 255, 255, 0, 
255, 255, 0, 221, 221, 0, 156, 156, 0, 156, 156, 0, 156, 156, 0, 156, 156, 0, 156, 156, 0, 156, 156, 0, 158, 158, 0, 168, 168, 0, 192, 192, 0, 222, 222, 0, 249, 249, 0, 255, 255, 0, 255, 255, 0, 255, 255, 0, 255, 255, 0, 255, 255, 0, 
255, 255, 0, 255, 255, 0, 255, 255, 0, 255, 255, 0, 255, 255, 0, 255, 255, 0, 255, 255, 0, 255, 255, 0, 255, 255, 0, 255, 255, 0, 255, 255, 0, 255, 255, 0, 255, 255, 0, 255, 255, 0, 255, 255, 0, 255, 255, 0, 255, 255, 0, 255, 255, 0, 
255, 255, 0, 255, 255, 0, 255, 255, 0, 255, 255, 0, 255, 255, 0, 255, 255, 0, 255, 255, 0, 255, 255, 0, 255, 255, 0, 255, 255, 0, 255, 255, 0, 255, 255, 0, 255, 255, 0, 255, 255, 0, 255, 255, 0, 255, 255, 0, 255, 255, 0, 255, 255, 0, 
255, 255, 0, 255, 255, 0, 255, 255, 0, 255, 255, 0, 255, 255, 0, 255, 255, 0, 255, 255, 0, 255, 255, 0, 255, 255, 0, 255, 255, 0, 255, 255, 0, 255, 255, 0, 255, 255, 0, 255, 255, 0, 255, 255, 0, 255, 255, 0, 255, 255, 0, 255, 255, 0, 
255, 255, 0, 255, 255, 0, 255, 255, 0, 255, 255, 0, 255, 255, 0, 255, 255, 0, 255, 255, 0, 255, 255, 0, 255, 255, 0, 255, 255, 0, 255, 255, 0, 255, 255, 0, 255, 255, 0, 255, 255, 0, 255, 255, 0, 255, 255, 0, 255, 255, 0, 255, 255, 0, 
255, 255, 0, 255, 255, 0, 255, 255, 0, 255, 255, 0, 255, 255, 0, 255, 255, 0, 255, 255, 0, 255, 255, 0, 255, 255, 0, 255, 255, 0, 255, 255, 0, 255, 255, 0, 255, 255, 0, 255, 255, 0, 255, 255, 0, 255, 255, 0, 255, 255, 0, 255, 255, 0, 
255, 255, 0, 255, 255, 0, 255, 255, 0, 255, 255, 0, 255, 255, 0, 255, 255, 0, 255, 255, 0, 255, 255, 0, 255, 255, 0, 255, 255, 0, 255, 255, 0, 255, 255, 0, 255, 255, 0, 255, 255, 0, 255, 255, 0, 255, 255, 0, 255, 255, 0, 255, 255, 0, 
255, 255, 0, 255, 255, 0, 255, 255, 0, 255, 255, 0, 255, 255, 0, 255, 255, 0, 255, 255, 0, 255, 255, 0, 255, 255, 0, 255, 255, 0, 255, 255, 0, 255, 255, 0, 255, 255, 0, 255, 255, 0, 255, 255, 0, 255, 255, 0, 255, 255, 0, 255, 255, 0, 
