255, 255, 0, 255, 255, 0, 255, 255, 0, 255, 255, 0, 255, 255, 0, 255, 255, 0, 255, 255, 0, 255, 255, 0, 255, 255, 0, 255, 255, 0, 255, 255, 0, 255, 255, 0, 255, 255, 0, 255, 255, 0, 255, 255, 0, 255, 255, 0, 255, 255, 0, 255, 255, 0, 
255, 255, 0, 255, 255, 0, 255, 255, 0, 255, 255, 0, 255, 255, 0, 255, 255, 0, 255, 255, 0, 255, 255, 0, 255, 255, 0, 255, 255, 0, 255, 255, 0, 255, 255, 0, 255, 255, 0, 255, 255, 0, 255, 255, 0, 255, 255, 0, 255, 255, 0, 255, 255, 0, 
255, 255, 0, 255, 255, 0, 255, 255, 0, 255, 255, 0, 255, 255, 0, 255, 255, 0, 255, 255, 0, 255, 255, 0, 255, 255, 0, 255, 255, 0, 255, 255, 0, 255, 255, 0, 255, 255, 0, 255, 255, 0, 255, 255, 0, 255, 255, 0, 255, 255, 0, 255, 255, 0, 
255, 255, 0, 255, 255, 0, 255, 255, 0, 255, 255, 0, 255, 255, 0, 255, 255, 0, 255, 255, 0, 255, 255, 0, 255, 255, 0, 255, 255, 0, 255, 255, 0, 255, 255, 0, 255, 255, 0, 255, 255, 0, 255, 255, 0, 255, 255, 0, 255, 255, 0, 255, 255, 0, 
255, 255, 0, 255, 255, 0, 255, 255, 0, 255, 255, 0, 255, 255, 0, 255, 255, 0, 255, 255, 0, 255, 255, 0, 255, 255, 0, 255, 255, 0, 255, 255, 0, 255, 255, 0, 255, 255, 0, 255, 255, 0, 255, 255, 0, 255, 255, 0, 255, 255, 0, 255, 255, 0, 
255, 255, 0, 251, 251, 0, 216, 216, 0, 208, 208, 0, 208, 208, 0, 208, 208, 0, 208, 208, 0, 208, 208, 0, 208, 208, 0, 208, 208, 0, 208, 208, 0, 208, 208, 0, 208, 208, 0, 208, 208, 0, 208, 208, 0, 217, 217, 0, 252, 252, 0, 255, 255, 0, 
255, 255, 0, 235, 235, 0, 57, 57, 0, 16, 16, 0, 18, 18, 0, 17, 17, 0, 17, 17, 0, 17, 17, 0, 17, 17, 0, 17, 17, 0, 17, 17, 0, 17, 17, 0, 17, 17, 0, 17, 17, 0, 14, 14, 0, 64, 64, 0, 240, 240, 0, 255, 255, 0, 
255, 255, 0, 233, 233, 0, 42, 42, 0, 0, 0, 0, 6, 6, 0, 11, 11, 0, 11, 11, 0, 11, 11, 0, 11, 11, 0, 11, 11, 0, 11, 11, 0, 11, 11, 0, 11, 11, 0, 11, 11, 0, 8, 8, 0, 59, 59, 0, 240, 240, 0, 255, 255, 0, 
255, 255, 0, 233, 233, 0, 42, 42, 0, 0, 0, 0, 102, 102, 0, 200, 200, 0, 198, 198, 0, 198, 198, 0, 198, 198, 0, 198, 198, 0, 198, 198, 0, 198, 198, 0, 198, 198, 0, 198, 198, 0, 197, 197, 0, 209, 209, 0, 251, 251, 0, 255, 255, 0, 
255, 255, 0, 233, 233, 0, 42, 42, 0, 0, 0, 0, 132, 132, 0, 255, 255, 0, 255, 255, 0, 255, 255, 0, 255, 255, 0, 255, 255, 0, 255, 255, 0, 255, 255, 0, 255, 255, 0, 255, 255, 0, 255, 255, 0, 255, 255, 0, 255, 255, 0, 255, 255, 0, 
255, 255, 0, 233, 233, 0, 42, 42, 0, 0, 0, 0, 132, 132, 0, 255, 255, 0, 255, 255, 0, 255, 255, 0, 255, 255, 0, 255, 255, 0, 255, 255, 0, 255, 255, 0, 255, 255, 0, 255, 255, 0, 255, 255, 0, 255, 255, 0, 255, 255, 0, 255, 255, 0, 
255, 255, 0, 233, 233, 0, 42, 42, 0, 0, 0, 0, 132, 132, 0, 255, 255, 0, 255, 255, 0, 255, 255, 0, 255, 255, 0, 255, 255, 0, 255, 255, 0, 255, 255, 0, 255, 255, 0, 255, 255, 0, 255, 255, 0, 255, 255, 0, 255, 255, 0, 255, 255, 0, 
255, 255, 0, 233, 233, 0, 42, 42, 0, 0, 0, 0, 132, 132, 0, 255, 255, 0, 255, 255, 0, 255, 255, 0, 255, 255, 0, 255, 255, 0, 255, 255, 0, 255, 255, 0, 255, 255, 0, 255, 255, 0, 255, 255, 0, 255, 255, 0, 255, 255, 0, 255, 255, 0, 
255, 255, 0, 233, 233, 0, 42, 42, 0, 0, 0, 0, 132, 132, 0, 255, 255, 0, 255, 255, 0, 255, 255, 0, 255, 255, 0, 255, 255, 0, 255, 255, 0, 255, 255, 0, 255, 255, 0, 255, 255, 0, 255, 255, 0, 255, 255, 0, 255, 255, 0, 255, 255, 0, 
255, 255, 0, 233, 233, 0, 42, 42, 0, 0, 0, 0, 132, 132, 0, 255, 255, 0, 255, 255, 0, 255, 255, 0, 255, 255, 0, 255, 255, 0, 255, 255, 0, 255, 255, 0, 255, 255, 0, 255, 255, 0, 255, 255, 0, 255, 255, 0, 255, 255, 0, 255, 255, 0, 
255, 255, 0, 233, 233, 0, 42, 42, 0, 0, 0, 0, 66, 66, 0, 129, 129, 0, 127, 127, 0, 127, 127, 0, 127, 127, 0, 127, 127, 0, 127, 127, 0, 127, 127, 0, 126, 126, 0, 152, 152, 0, 247, 247, 0, 255, 255, 0, 255, 255, 0, 255, 255, 0, 
255, 255, 0, 233, 233, 0, 42, 42, 0, 0, 0, 0, 0, 0, 0, 0, 0, 0, 0, 0, 0, 0, 0, 0, 0, 0, 0, 0, 0, 0, 0, 0, 0, 0, 0, 0, 0, 0, 0, 50, 50, 0, 239, 239, 0, 255, 255, 0, 255, 255, 0, 255, 255, 0, 
255, 255, 0, 233, 233, 0, 42, 42, 0, 0, 0, 0, 28, 28, 0, 55, 55, 0, 54, 54, 0, 54, 54, 0, 54, 54, 0, 54, 54, 0, 54, 54, 0, 54, 54, 0, 52, 52, 0, 94, 94, 0, 243, 243, 0, 255, 255, 0, 255, 255, 0, 255, 255, 0, 
255, 255, 0, 233, 233, 0, 42, 42, 0, 0, 0, 0, 124, 124, 0, 245, 245, 0, 241, 241, 0, 241, 241, 0, 241, 241, 0, 241, 241, 0, 241, 241, 0, 241, 241, 0, 241, 241, 0, 244, 244, 0, 254, 254, 0, 255, 255, 0, 255, 255, 0, 255, 255, 0, 
255, 255, 0, 233, 233, 0, 42, 42, 0, 0, 0, 0, 132, 132, 0, 255, 255, 0, 255, 255, 0, 255, 255, 0, 255, 255, 0, 255, 255, 0, 255, 255, 0, 255, 255, 0, 255, 255, 0, 255, 255, 0, 255, 255, 0, 255, 255, 0, 255, 255, 0, 255, 255, 0, 
255, 255, 0, 233, 233, 0, 42, 42, 0, 0, 0, 0, 132, 132, 0, 255, 255, 0, 255, 255, 0, 255, 255, 0, 255, 255, 0, 255, 255, 0, 255, 255, 0, 255, 255, 0, 255, 255, 0, 255, 255, 0, 255, 255, 0, 255, 255, 0, 255, 255, 0, 255, 255, 0, 
255, 255, 0, 233, 233, 0, 42, 42, 0, 0, 0, 0, 132, 132, 0, 255, 255, 0, 255, 255, 0, 255, 255, 0, 255, 255, 0, 255, 255, 0, 255, 255, 0, 255, 255, 0, 255, 255, 0, 255, 255, 0, 255, 255, 0, 255, 255, 0, 255, 255, 0, 255, 255, 0, 
255, 255, 0, 233, 233, 0, 42, 42, 0, 0, 0, 0, 132, 132, 0, 255, 255, 0, 255, 255, 0, 255, 255, 0, 255, 255, 0, 255, 255, 0, 255, 255, 0, 255, 255, 0, 255, 255, 0, 255, 255, 0, 255, 255, 0, 255, 255, 0, 255, 255, 0, 255, 255, 0, 
255, 255, 0, 233, 233, 0, 42, 42, 0, 0, 0, 0, 132, 132, 0, 255, 255, 0, 255, 255, 0, 255, 255, 0, 255, 255, 0, 255, 255, 0, 255, 255, 0, 255, 255, 0, 255, 255, 0, 255, 255, 0, 255, 255, 0, 255, 255, 0, 255, 255, 0, 255, 255, 0, 
255, 255, 0, 233, 233, 0, 42, 42, 0, 0, 0, 0, 132, 132, 0, 255, 255, 0, 255, 255, 0, 255, 255, 0, 255, 255, 0, 255, 255, 0, 255, 255, 0, 255, 255, 0, 255, 255, 0, 255, 255, 0, 255, 255, 0, 255, 255, 0, 255, 255, 0, 255, 255, 0, 
255, 255, 0, 233, 233, 0, 42, 42, 0, 0, 0, 0, 124, 124, 0, 244, 244, 0, 241, 241, 0, 241, 241, 0, 241, 241, 0, 241, 241, 0, 241, 241, 0, 241, 241, 0, 241, 241, 0, 241, 241, 0, 241, 241, 0, 245, 245, 0, 255, 255, 0, 255, 255, 0, 
255, 255, 0, 233, 233, 0, 42, 42, 0, 0, 0, 0, 28, 28, 0, 54, 54, 0, 54, 54, 0, 54, 54, 0, 54, 54, 0, 54, 54, 0, 54, 54, 0, 54, 54, 0, 54, 54, 0, 54, 54, 0, 50, 50, 0, 109, 109, 0, 250, 250, 0, 255, 255, 0, 
255, 255, 0, 233, 233, 0, 42, 42, 0, 0, 0, 0, 0, 0, 0, 0, 0, 0, 0, 0, 0, 0, 0, 0, 0, 0, 0, 0, 0, 0, 0, 0, 0, 0, 0, 0, 0, 0, 0, 0, 0, 0, 0, 0, 0, 71, 71, 0, 248, 248, 0, 255, 255, 0, 
255, 255, 0, 246, 246, 0, 171, 171, 0, 153, 153, 0, 154, 154, 0, 154, 154, 0, 154, 154, 0, 154, 154, 0, 154, 154, 0, 154, 154, 0, 154, 154, 0, 154, 154, 0, 154, 154, 0, 154, 154, 0, 153, 153, 0, 182, 182, 0, 252, 252, 0, 255, 255, 0, 
255, 255, 0, 255, 255, 0, 255, 255, 0, 255, 255, 0, 255, 255, 0, 255, 255, 0, 255, 255, 0, 255, 255, 0, 255, 255, 0, 255, 255, 0, 255, 255, 0, 255, 255, 0, 255, 255, 0, 255, 255, 0, 255, 255, 0, 255, 255, 0, 255, 255, 0, 255, 255, 0, 
255, 255, 0, 255, 255, 0, 255, 255, 0, 255, 255, 0, 255, 255, 0, 255, 255, 0, 255, 255, 0, 255, 255, 0, 255, 255, 0, 255, 255, 0, 255, 255, 0, 255, 255, 0, 255, 255, 0, 255, 255, 0, 255, 255, 0, 255, 255, 0, 255, 255, 0, 255, 255, 0, 
255, 255, 0, 255, 255, 0, 255, 255, 0, 255, 255, 0, 255, 255, 0, 255, 255, 0, 255, 255, 0, 255, 255, 0, 255, 255, 0, 255, 255, 0, 255, 255, 0, 255, 255, 0, 255, 255, 0, 255, 255, 0, 255, 255, 0, 255, 255, 0, 255, 255, 0, 255, 255, 0, 
255, 255, 0, 255, 255, 0, 255, 255, 0, 255, 255, 0, 255, 255, 0, 255, 255, 0, 255, 255, 0, 255, 255, 0, 255, 255, 0, 255, 255, 0, 255, 255, 0, 255, 255, 0, 255, 255, 0, 255, 255, 0, 255, 255, 0, 255, 255, 0, 255, 255, 0, 255, 255, 0, 
255, 255, 0, 255, 255, 0, 255, 255, 0, 255, 255, 0, 255, 255, 0, 255, 255, 0, 255, 255, 0, 255, 255, 0, 255, 255, 0, 255, 255, 0, 255, 255, 0, 255, 255, 0, 255, 255, 0, 255, 255, 0, 255, 255, 0, 255, 255, 0, 255, 255, 0, 255, 255, 0, 
255, 255, 0, 255, 255, 0, 255, 255, 0, 255, 255, 0, 255, 255, 0, 255, 255, 0, 255, 255, 0, 255, 255, 0, 255, 255, 0, 255, 255, 0, 255, 255, 0, 255, 255, 0, 255, 255, 0, 255, 255, 0, 255, 255, 0, 255, 255, 0, 255, 255, 0, 255, 255, 0, 
255, 255, 0, 255, 255, 0, 255, 255, 0, 255, 255, 0, 255, 255, 0, 255, 255, 0, 255, 255, 0, 255, 255, 0, 255, 255, 0, 255, 255, 0, 255, 255, 0, 255, 255, 0, 255, 255, 0, 255, 255, 0, 255, 255, 0, 255, 255, 0, 255, 255, 0, 255, 255, 0, 
