255, 255, 0, 255, 255, 0, 255, 255, 0, 255, 255, 0, 255, 255, 0, 255, 255, 0, 255, 255, 0, 255, 255, 0, 255, 255, 0, 255, 255, 0, 255, 255, 0, 255, 255, 0, 255, 255, 0, 255, 255, 0, 255, 255, 0, 255, 255, 0, 255, 255, 0, 255, 255, 0, 
255, 255, 0, 255, 255, 0, 255, 255, 0, 255, 255, 0, 255, 255, 0, 255, 255, 0, 255, 255, 0, 255, 255, 0, 255, 255, 0, 255, 255, 0, 255, 255, 0, 255, 255, 0, 255, 255, 0, 255, 255, 0, 255, 255, 0, 255, 255, 0, 255, 255, 0, 255, 255, 0, 
255, 255, 0, 255, 255, 0, 255, 255, 0, 255, 255, 0, 255, 255, 0, 255, 255, 0, 255, 255, 0, 255, 255, 0, 255, 255, 0, 255, 255, 0, 255, 255, 0, 255, 255, 0, 255, 255, 0, 255, 255, 0, 255, 255, 0, 255, 255, 0, 255, 255, 0, 255, 255, 0, 
255, 255, 0, 255, 255, 0, 255, 255, 0, 255, 255, 0, 255, 255, 0, 255, 255, 0, 255, 255, 0, 255, 255, 0, 255, 255, 0, 255, 255, 0, 255, 255, 0, 255, 255, 0, 255, 255, 0, 255, 255, 0, 255, 255, 0, 255, 255, 0, 255, 255, 0, 255, 255, 0, 
255, 255, 0, 255, 255, 0, 255, 255, 0, 255, 255, 0, 255, 255, 0, 255, 255, 0, 255, 255, 0, 255, 255, 0, 255, 255, 0, 255, 255, 0, 255, 255, 0, 255, 255, 0, 255, 255, 0, 255, 255, 0, 255, 255, 0, 255, 255, 0, 255, 255, 0, 255, 255, 0, 
236, 236, 0, 214, 214, 0, 220, 220, 0, 250, 250, 0, 255, 255, 0, 255, 255, 0, 255, 255, 0, 255, 255, 0, 255, 255, 0, 255, 255, 0, 255, 255, 0, 255, 255, 0, 255, 255, 0, 255, 255, 0, 255, 255, 0, 231, 231, 0, 213, 213, 0, 229, 229, 0, 
163, 163, 0, 25, 25, 0, 46, 46, 0, 220, 220, 0, 255, 255, 0, 255, 255, 0, 255, 255, 0, 255, 255, 0, 255, 255, 0, 255, 255, 0, 255, 255, 0, 255, 255, 0, 255, 255, 0, 255, 255, 0, 254, 254, 0, 105, 105, 0, 18, 18, 0, 128, 128, 0, 
187, 187, 0, 13, 13, 0, 9, 9, 0, 190, 190, 0, 255, 255, 0, 255, 255, 0, 255, 255, 0, 255, 255, 0, 232, 232, 0, 178, 178, 0, 249, 249, 0, 255, 255, 0, 255, 255, 0, 255, 255, 0, 246, 246, 0, 65, 65, 0, 0, 0, 0, 152, 152, 0, 
217, 217, 0, 31, 31, 0, 0, 0, 0, 157, 157, 0, 255, 255, 0, 255, 255, 0, 255, 255, 0, 255, 255, 0, 171, 171, 0, 35, 35, 0, 220, 220, 0, 255, 255, 0, 255, 255, 0, 255, 255, 0, 233, 233, 0, 41, 41, 0, 12, 12, 0, 188, 188, 0, 
238, 238, 0, 56, 56, 0, 0, 0, 0, 122, 122, 0, 255, 255, 0, 255, 255, 0, 255, 255, 0, 255, 255, 0, 115, 115, 0, 1, 1, 0, 173, 173, 0, 255, 255, 0, 255, 255, 0, 255, 255, 0, 215, 215, 0, 21, 21, 0, 30, 30, 0, 217, 217, 0, 
252, 252, 0, 86, 86, 0, 0, 0, 0, 86, 86, 0, 252, 252, 0, 255, 255, 0, 255, 255, 0, 242, 242, 0, 61, 61, 0, 0, 0, 0, 115, 115, 0, 255, 255, 0, 255, 255, 0, 255, 255, 0, 192, 192, 0, 7, 7, 0, 55, 55, 0, 238, 238, 0, 
255, 255, 0, 121, 121, 0, 0, 0, 0, 55, 55, 0, 241, 241, 0, 255, 255, 0, 255, 255, 0, 210, 210, 0, 22, 22, 0, 0, 0, 0, 61, 61, 0, 242, 242, 0, 255, 255, 0, 255, 255, 0, 165, 165, 0, 0, 0, 0, 86, 86, 0, 252, 252, 0, 
255, 255, 0, 156, 156, 0, 0, 0, 0, 30, 30, 0, 222, 222, 0, 255, 255, 0, 255, 255, 0, 159, 159, 0, 2, 2, 0, 0, 0, 0, 21, 21, 0, 209, 209, 0, 255, 255, 0, 255, 255, 0, 135, 135, 0, 0, 0, 0, 121, 121, 0, 255, 255, 0, 
255, 255, 0, 189, 189, 0, 8, 8, 0, 12, 12, 0, 196, 196, 0, 255, 255, 0, 254, 254, 0, 101, 101, 0, 0, 0, 0, 5, 5, 0, 1, 1, 0, 158, 158, 0, 255, 255, 0, 255, 255, 0, 105, 105, 0, 0, 0, 0, 156, 156, 0, 255, 255, 0, 
255, 255, 0, 216, 216, 0, 24, 24, 0, 0, 0, 0, 163, 163, 0, 255, 255, 0, 236, 236, 0, 47, 47, 0, 30, 30, 0, 65, 65, 0, 0, 0, 0, 100, 100, 0, 255, 255, 0, 250, 250, 0, 76, 76, 0, 4, 4, 0, 188, 188, 0, 255, 255, 0, 
255, 255, 0, 237, 237, 0, 48, 48, 0, 0, 0, 0, 128, 128, 0, 255, 255, 0, 198, 198, 0, 11, 11, 0, 84, 84, 0, 146, 146, 0, 0, 0, 0, 48, 48, 0, 236, 236, 0, 240, 240, 0, 49, 49, 0, 21, 21, 0, 215, 215, 0, 255, 255, 0, 
255, 255, 0, 250, 250, 0, 77, 77, 0, 0, 0, 0, 93, 93, 0, 255, 255, 0, 144, 144, 0, 0, 0, 0, 141, 141, 0, 206, 206, 0, 16, 16, 0, 13, 13, 0, 199, 199, 0, 226, 226, 0, 27, 27, 0, 45, 45, 0, 236, 236, 0, 255, 255, 0, 
255, 255, 0, 255, 255, 0, 111, 111, 0, 0, 0, 0, 61, 61, 0, 240, 240, 0, 86, 86, 0, 8, 8, 0, 194, 194, 0, 242, 242, 0, 53, 53, 0, 0, 0, 0, 146, 146, 0, 205, 205, 0, 11, 11, 0, 75, 75, 0, 249, 249, 0, 255, 255, 0, 
255, 255, 0, 255, 255, 0, 147, 147, 0, 0, 0, 0, 36, 36, 0, 199, 199, 0, 38, 38, 0, 41, 41, 0, 232, 232, 0, 255, 255, 0, 105, 105, 0, 0, 0, 0, 89, 89, 0, 171, 171, 0, 0, 0, 0, 109, 109, 0, 255, 255, 0, 255, 255, 0, 
255, 255, 0, 255, 255, 0, 181, 181, 0, 5, 5, 0, 18, 18, 0, 132, 132, 0, 8, 8, 0, 93, 93, 0, 253, 253, 0, 255, 255, 0, 162, 162, 0, 0, 0, 0, 42, 42, 0, 119, 119, 0, 0, 0, 0, 145, 145, 0, 255, 255, 0, 255, 255, 0, 
255, 255, 0, 255, 255, 0, 210, 210, 0, 20, 20, 0, 5, 5, 0, 46, 46, 0, 2, 2, 0, 151, 151, 0, 255, 255, 0, 255, 255, 0, 211, 211, 0, 22, 22, 0, 10, 10, 0, 46, 46, 0, 5, 5, 0, 179, 179, 0, 255, 255, 0, 255, 255, 0, 
255, 255, 0, 255, 255, 0, 232, 232, 0, 41, 41, 0, 0, 0, 0, 0, 0, 0, 17, 17, 0, 203, 203, 0, 255, 255, 0, 255, 255, 0, 243, 243, 0, 62, 62, 0, 0, 0, 0, 0, 0, 0, 19, 19, 0, 208, 208, 0, 255, 255, 0, 255, 255, 0, 
255, 255, 0, 255, 255, 0, 247, 247, 0, 70, 70, 0, 0, 0, 0, 0, 0, 0, 54, 54, 0, 239, 239, 0, 255, 255, 0, 255, 255, 0, 255, 255, 0, 115, 115, 0, 0, 0, 0, 0, 0, 0, 39, 39, 0, 230, 230, 0, 255, 255, 0, 255, 255, 0, 
255, 255, 0, 255, 255, 0, 255, 255, 0, 103, 103, 0, 0, 0, 0, 0, 0, 0, 106, 106, 0, 255, 255, 0, 255, 255, 0, 255, 255, 0, 255, 255, 0, 172, 172, 0, 5, 5, 0, 0, 0, 0, 67, 67, 0, 246, 246, 0, 255, 255, 0, 255, 255, 0, 
255, 255, 0, 255, 255, 0, 255, 255, 0, 139, 139, 0, 0, 0, 0, 2, 2, 0, 164, 164, 0, 255, 255, 0, 255, 255, 0, 255, 255, 0, 255, 255, 0, 219, 219, 0, 29, 29, 0, 0, 0, 0, 99, 99, 0, 255, 255, 0, 255, 255, 0, 255, 255, 0, 
255, 255, 0, 255, 255, 0, 255, 255, 0, 173, 173, 0, 2, 2, 0, 23, 23, 0, 212, 212, 0, 255, 255, 0, 255, 255, 0, 255, 255, 0, 255, 255, 0, 247, 247, 0, 71, 71, 0, 0, 0, 0, 134, 134, 0, 255, 255, 0, 255, 255, 0, 255, 255, 0, 
255, 255, 0, 255, 255, 0, 255, 255, 0, 204, 204, 0, 13, 13, 0, 63, 63, 0, 244, 244, 0, 255, 255, 0, 255, 255, 0, 255, 255, 0, 255, 255, 0, 255, 255, 0, 127, 127, 0, 0, 0, 0, 169, 169, 0, 255, 255, 0, 255, 255, 0, 255, 255, 0, 
255, 255, 0, 255, 255, 0, 255, 255, 0, 227, 227, 0, 32, 32, 0, 116, 116, 0, 255, 255, 0, 255, 255, 0, 255, 255, 0, 255, 255, 0, 255, 255, 0, 255, 255, 0, 182, 182, 0, 22, 22, 0, 199, 199, 0, 255, 255, 0, 255, 255, 0, 255, 255, 0, 
255, 255, 0, 255, 255, 0, 255, 255, 0, 247, 247, 0, 150, 150, 0, 203, 203, 0, 255, 255, 0, 255, 255, 0, 255, 255, 0, 255, 255, 0, 255, 255, 0, 255, 255, 0, 233, 233, 0, 148, 148, 0, 235, 235, 0, 255, 255, 0, 255, 255, 0, 255, 255, 0, 
255, 255, 0, 255, 255, 0, 255, 255, 0, 255, 255, 0, 255, 255, 0, 255, 255, 0, 255, 255, 0, 255, 255, 0, 255, 255, 0, 255, 255, 0, 255, 255, 0, 255, 255, 0, 255, 255, 0, 255, 255, 0, 255, 255, 0, 255, 255, 0, 255, 255, 0, 255, 255, 0, 
255, 255, 0, 255, 255, 0, 255, 255, 0, 255, 255, 0, 255, 255, 0, 255, 255, 0, 255, 255, 0, 255, 255, 0, 255, 255, 0, 255, 255, 0, 255, 255, 0, 255, 255, 0, 255, 255, 0, 255, 255, 0, 255, 255, 0, 255, 255, 0, 255, 255, 0, 255, 255, 0, 
255, 255, 0, 255, 255, 0, 255, 255, 0, 255, 255, 0, 255, 255, 0, 255, 255, 0, 255, 255, 0, 255, 255, 0, 255, 255, 0, 255, 255, 0, 255, 255, 0, 255, 255, 0, 255, 255, 0, 255, 255, 0, 255, 255, 0, 255, 255, 0, 255, 255, 0, 255, 255, 0, 
255, 255, 0, 255, 255, 0, 255, 255, 0, 255, 255, 0, 255, 255, 0, 255, 255, 0, 255, 255, 0, 255, 255, 0, 255, 255, 0, 255, 255, 0, 255, 255, 0, 255, 255, 0, 255, 255, 0, 255, 255, 0, 255, 255, 0, 255, 255, 0, 255, 255, 0, 255, 255, 0, 
255, 255, 0, 255, 255, 0, 255, 255, 0, 255, 255, 0, 255, 255, 0, 255, 255, 0, 255, 255, 0, 255, 255, 0, 255, 255, 0, 255, 255, 0, 255, 255, 0, 255, 255, 0, 255, 255, 0, 255, 255, 0, 255, 255, 0, 255, 255, 0, 255, 255, 0, 255, 255, 0, 
255, 255, 0, 255, 255, 0, 255, 255, 0, 255, 255, 0, 255, 255, 0, 255, 255, 0, 255, 255, 0, 255, 255, 0, 255, 255, 0, 255, 255, 0, 255, 255, 0, 255, 255, 0, 255, 255, 0, 255, 255, 0, 255, 255, 0, 255, 255, 0, 255, 255, 0, 255, 255, 0, 
255, 255, 0, 255, 255, 0, 255, 255, 0, 255, 255, 0, 255, 255, 0, 255, 255, 0, 255, 255, 0, 255, 255, 0, 255, 255, 0, 255, 255, 0, 255, 255, 0, 255, 255, 0, 255, 255, 0, 255, 255, 0, 255, 255, 0, 255, 255, 0, 255, 255, 0, 255, 255, 0, 
