255, 255, 0, 255, 255, 0, 255, 255, 0, 255, 255, 0, 255, 255, 0, 255, 255, 0, 255, 255, 0, 255, 255, 0, 255, 255, 0, 255, 255, 0, 255, 255, 0, 255, 255, 0, 255, 255, 0, 255, 255, 0, 255, 255, 0, 255, 255, 0, 255, 255, 0, 255, 255, 0, 
255, 255, 0, 255, 255, 0, 255, 255, 0, 255, 255, 0, 255, 255, 0, 255, 255, 0, 255, 255, 0, 255, 255, 0, 255, 255, 0, 255, 255, 0, 255, 255, 0, 255, 255, 0, 255, 255, 0, 255, 255, 0, 255, 255, 0, 255, 255, 0, 255, 255, 0, 255, 255, 0, 
255, 255, 0, 255, 255, 0, 255, 255, 0, 255, 255, 0, 255, 255, 0, 255, 255, 0, 255, 255, 0, 255, 255, 0, 255, 255, 0, 255, 255, 0, 255, 255, 0, 255, 255, 0, 255, 255, 0, 255, 255, 0, 255, 255, 0, 255, 255, 0, 255, 255, 0, 255, 255, 0, 
255, 255, 0, 255, 255, 0, 255, 255, 0, 255, 255, 0, 255, 255, 0, 255, 255, 0, 255, 255, 0, 255, 255, 0, 255, 255, 0, 255, 255, 0, 255, 255, 0, 255, 255, 0, 255, 255, 0, 255, 255, 0, 255, 255, 0, 255, 255, 0, 255, 255, 0, 255, 255, 0, 
255, 255, 0, 255, 255, 0, 255, 255, 0, 255, 255, 0, 255, 255, 0, 255, 255, 0, 255, 255, 0, 255, 255, 0, 255, 255, 0, 255, 255, 0, 255, 255, 0, 255, 255, 0, 255, 255, 0, 255, 255, 0, 255, 255, 0, 255, 255, 0, 255, 255, 0, 255, 255, 0, 
255, 255, 0, 255, 255, 0, 255, 255, 0, 255, 255, 0, 255, 255, 0, 253, 253, 0, 226, 226, 0, 192, 192, 0, 184, 184, 0, 211, 211, 0, 248, 248, 0, 255, 255, 0, 255, 255, 0, 255, 255, 0, 255, 255, 0, 255, 255, 0, 255, 255, 0, 255, 255, 0, 
255, 255, 0, 255, 255, 0, 255, 255, 0, 255, 255, 0, 238, 238, 0, 131, 131, 0, 37, 37, 0, 7, 7, 0, 3, 3, 0, 21, 21, 0, 92, 92, 0, 213, 213, 0, 255, 255, 0, 255, 255, 0, 255, 255, 0, 255, 255, 0, 255, 255, 0, 255, 255, 0, 
255, 255, 0, 255, 255, 0, 255, 255, 0, 245, 245, 0, 104, 104, 0, 2, 2, 0, 4, 4, 0, 45, 45, 0, 57, 57, 0, 14, 14, 0, 0, 0, 0, 54, 54, 0, 219, 219, 0, 255, 255, 0, 255, 255, 0, 255, 255, 0, 255, 255, 0, 255, 255, 0, 
255, 255, 0, 255, 255, 0, 255, 255, 0, 170, 170, 0, 8, 8, 0, 2, 2, 0, 118, 118, 0, 233, 233, 0, 244, 244, 0, 171, 171, 0, 24, 24, 0, 0, 0, 0, 111, 111, 0, 254, 254, 0, 255, 255, 0, 255, 255, 0, 255, 255, 0, 255, 255, 0, 
255, 255, 0, 255, 255, 0, 254, 254, 0, 96, 96, 0, 0, 0, 0, 42, 42, 0, 228, 228, 0, 255, 255, 0, 255, 255, 0, 255, 255, 0, 114, 114, 0, 0, 0, 0, 44, 44, 0, 233, 233, 0, 255, 255, 0, 255, 255, 0, 255, 255, 0, 255, 255, 0, 
255, 255, 0, 255, 255, 0, 250, 250, 0, 75, 75, 0, 0, 0, 0, 63, 63, 0, 245, 245, 0, 255, 255, 0, 255, 255, 0, 255, 255, 0, 157, 157, 0, 0, 0, 0, 28, 28, 0, 221, 221, 0, 255, 255, 0, 255, 255, 0, 255, 255, 0, 255, 255, 0, 
255, 255, 0, 255, 255, 0, 255, 255, 0, 99, 99, 0, 0, 0, 0, 38, 38, 0, 227, 227, 0, 255, 255, 0, 255, 255, 0, 255, 255, 0, 137, 137, 0, 0, 0, 0, 43, 43, 0, 233, 233, 0, 255, 255, 0, 255, 255, 0, 255, 255, 0, 255, 255, 0, 
255, 255, 0, 255, 255, 0, 255, 255, 0, 161, 161, 0, 3, 3, 0, 4, 4, 0, 157, 157, 0, 255, 255, 0, 255, 255, 0, 242, 242, 0, 70, 70, 0, 0, 0, 0, 97, 97, 0, 253, 253, 0, 255, 255, 0, 255, 255, 0, 255, 255, 0, 255, 255, 0, 
255, 255, 0, 255, 255, 0, 255, 255, 0, 230, 230, 0, 51, 51, 0, 0, 0, 0, 50, 50, 0, 225, 225, 0, 255, 255, 0, 155, 155, 0, 7, 7, 0, 16, 16, 0, 188, 188, 0, 255, 255, 0, 255, 255, 0, 255, 255, 0, 255, 255, 0, 255, 255, 0, 
255, 255, 0, 255, 255, 0, 255, 255, 0, 255, 255, 0, 162, 162, 0, 9, 9, 0, 0, 0, 0, 101, 101, 0, 145, 145, 0, 23, 23, 0, 1, 1, 0, 118, 118, 0, 251, 251, 0, 255, 255, 0, 255, 255, 0, 255, 255, 0, 255, 255, 0, 255, 255, 0, 
255, 255, 0, 255, 255, 0, 255, 255, 0, 255, 255, 0, 248, 248, 0, 99, 99, 0, 0, 0, 0, 3, 3, 0, 4, 4, 0, 8, 8, 0, 104, 104, 0, 238, 238, 0, 255, 255, 0, 255, 255, 0, 255, 255, 0, 255, 255, 0, 255, 255, 0, 255, 255, 0, 
255, 255, 0, 255, 255, 0, 255, 255, 0, 255, 255, 0, 207, 207, 0, 68, 68, 0, 0, 0, 0, 0, 0, 0, 0, 0, 0, 113, 113, 0, 246, 246, 0, 255, 255, 0, 255, 255, 0, 255, 255, 0, 255, 255, 0, 255, 255, 0, 255, 255, 0, 255, 255, 0, 
255, 255, 0, 255, 255, 0, 255, 255, 0, 189, 189, 0, 39, 39, 0, 0, 0, 0, 22, 22, 0, 20, 20, 0, 0, 0, 0, 56, 56, 0, 225, 225, 0, 255, 255, 0, 255, 255, 0, 255, 255, 0, 253, 253, 0, 253, 253, 0, 255, 255, 0, 255, 255, 0, 
255, 255, 0, 255, 255, 0, 210, 210, 0, 41, 41, 0, 0, 0, 0, 39, 39, 0, 188, 188, 0, 156, 156, 0, 9, 9, 0, 0, 0, 0, 104, 104, 0, 248, 248, 0, 255, 255, 0, 255, 255, 0, 211, 211, 0, 140, 140, 0, 235, 235, 0, 255, 255, 0, 
255, 255, 0, 247, 247, 0, 90, 90, 0, 0, 0, 0, 19, 19, 0, 181, 181, 0, 255, 255, 0, 248, 248, 0, 105, 105, 0, 0, 0, 0, 10, 10, 0, 159, 159, 0, 255, 255, 0, 255, 255, 0, 171, 171, 0, 7, 7, 0, 74, 74, 0, 222, 222, 0, 
255, 255, 0, 194, 194, 0, 15, 15, 0, 0, 0, 0, 104, 104, 0, 252, 252, 0, 255, 255, 0, 255, 255, 0, 226, 226, 0, 58, 58, 0, 0, 0, 0, 35, 35, 0, 208, 208, 0, 248, 248, 0, 85, 85, 0, 0, 0, 0, 59, 59, 0, 229, 229, 0, 
255, 255, 0, 130, 130, 0, 0, 0, 0, 9, 9, 0, 185, 185, 0, 255, 255, 0, 255, 255, 0, 255, 255, 0, 255, 255, 0, 190, 190, 0, 24, 24, 0, 0, 0, 0, 81, 81, 0, 147, 147, 0, 10, 10, 0, 13, 13, 0, 178, 178, 0, 255, 255, 0, 
253, 253, 0, 92, 92, 0, 0, 0, 0, 24, 24, 0, 216, 216, 0, 255, 255, 0, 255, 255, 0, 255, 255, 0, 255, 255, 0, 255, 255, 0, 142, 142, 0, 5, 5, 0, 4, 4, 0, 11, 11, 0, 0, 0, 0, 110, 110, 0, 250, 250, 0, 255, 255, 0, 
251, 251, 0, 84, 84, 0, 0, 0, 0, 20, 20, 0, 210, 210, 0, 255, 255, 0, 255, 255, 0, 255, 255, 0, 255, 255, 0, 255, 255, 0, 244, 244, 0, 83, 83, 0, 0, 0, 0, 0, 0, 0, 47, 47, 0, 226, 226, 0, 255, 255, 0, 255, 255, 0, 
255, 255, 0, 111, 111, 0, 0, 0, 0, 2, 2, 0, 149, 149, 0, 255, 255, 0, 255, 255, 0, 255, 255, 0, 255, 255, 0, 255, 255, 0, 219, 219, 0, 60, 60, 0, 0, 0, 0, 0, 0, 0, 36, 36, 0, 209, 209, 0, 255, 255, 0, 255, 255, 0, 
255, 255, 0, 179, 179, 0, 10, 10, 0, 0, 0, 0, 34, 34, 0, 184, 184, 0, 251, 251, 0, 255, 255, 0, 237, 237, 0, 172, 172, 0, 53, 53, 0, 0, 0, 0, 23, 23, 0, 18, 18, 0, 0, 0, 0, 74, 74, 0, 235, 235, 0, 255, 255, 0, 
255, 255, 0, 245, 245, 0, 95, 95, 0, 0, 0, 0, 0, 0, 0, 21, 21, 0, 82, 82, 0, 97, 97, 0, 53, 53, 0, 8, 8, 0, 0, 0, 0, 34, 34, 0, 180, 180, 0, 132, 132, 0, 1, 1, 0, 1, 1, 0, 115, 115, 0, 249, 249, 0, 
255, 255, 0, 255, 255, 0, 230, 230, 0, 100, 100, 0, 11, 11, 0, 0, 0, 0, 0, 0, 0, 0, 0, 0, 0, 0, 0, 10, 10, 0, 80, 80, 0, 203, 203, 0, 255, 255, 0, 232, 232, 0, 58, 58, 0, 3, 3, 0, 105, 105, 0, 243, 243, 0, 
255, 255, 0, 255, 255, 0, 255, 255, 0, 246, 246, 0, 185, 185, 0, 114, 114, 0, 83, 83, 0, 87, 87, 0, 121, 121, 0, 186, 186, 0, 244, 244, 0, 255, 255, 0, 255, 255, 0, 255, 255, 0, 184, 184, 0, 149, 149, 0, 244, 244, 0, 255, 255, 0, 
255, 255, 0, 255, 255, 0, 255, 255, 0, 255, 255, 0, 255, 255, 0, 255, 255, 0, 252, 252, 0, 253, 253, 0, 255, 255, 0, 255, 255, 0, 255, 255, 0, 255, 255, 0, 255, 255, 0, 255, 255, 0, 254, 254, 0, 254, 254, 0, 255, 255, 0, 255, 255, 0, 
255, 255, 0, 255, 255, 0, 255, 255, 0, 255, 255, 0, 255, 255, 0, 255, 255, 0, 255, 255, 0, 255, 255, 0, 255, 255, 0, 255, 255, 0, 255, 255, 0, 255, 255, 0, 255, 255, 0, 255, 255, 0, 255, 255, 0, 255, 255, 0, 255, 255, 0, 255, 255, 0, 
255, 255, 0, 255, 255, 0, 255, 255, 0, 255, 255, 0, 255, 255, 0, 255, 255, 0, 255, 255, 0, 255, 255, 0, 255, 255, 0, 255, 255, 0, 255, 255, 0, 255, 255, 0, 255, 255, 0, 255, 255, 0, 255, 255, 0, 255, 255, 0, 255, 255, 0, 255, 255, 0, 
255, 255, 0, 255, 255, 0, 255, 255, 0, 255, 255, 0, 255, 255, 0, 255, 255, 0, 255, 255, 0, 255, 255, 0, 255, 255, 0, 255, 255, 0, 255, 255, 0, 255, 255, 0, 255, 255, 0, 255, 255, 0, 255, 255, 0, 255, 255, 0, 255, 255, 0, 255, 255, 0, 
255, 255, 0, 255, 255, 0, 255, 255, 0, 255, 255, 0, 255, 255, 0, 255, 255, 0, 255, 255, 0, 255, 255, 0, 255, 255, 0, 255, 255, 0, 255, 255, 0, 255, 255, 0, 255, 255, 0, 255, 255, 0, 255, 255, 0, 255, 255, 0, 255, 255, 0, 255, 255, 0, 
255, 255, 0, 255, 255, 0, 255, 255, 0, 255, 255, 0, 255, 255, 0, 255, 255, 0, 255, 255, 0, 255, 255, 0, 255, 255, 0, 255, 255, 0, 255, 255, 0, 255, 255, 0, 255, 255, 0, 255, 255, 0, 255, 255, 0, 255, 255, 0, 255, 255, 0, 255, 255, 0, 
255, 255, 0, 255, 255, 0, 255, 255, 0, 255, 255, 0, 255, 255, 0, 255, 255, 0, 255, 255, 0, 255, 255, 0, 255, 255, 0, 255, 255, 0, 255, 255, 0, 255, 255, 0, 255, 255, 0, 255, 255, 0, 255, 255, 0, 255, 255, 0, 255, 255, 0, 255, 255, 0, 
