255, 255, 0, 255, 255, 0, 255, 255, 0, 255, 255, 0, 255, 255, 0, 255, 255, 0, 255, 255, 0, 255, 255, 0, 255, 255, 0, 255, 255, 0, 255, 255, 0, 255, 255, 0, 255, 255, 0, 255, 255, 0, 255, 255, 0, 255, 255, 0, 255, 255, 0, 255, 255, 0, 
255, 255, 0, 255, 255, 0, 255, 255, 0, 255, 255, 0, 255, 255, 0, 255, 255, 0, 255, 255, 0, 255, 255, 0, 255, 255, 0, 255, 255, 0, 255, 255, 0, 255, 255, 0, 255, 255, 0, 255, 255, 0, 255, 255, 0, 255, 255, 0, 255, 255, 0, 255, 255, 0, 
255, 255, 0, 255, 255, 0, 255, 255, 0, 255, 255, 0, 255, 255, 0, 255, 255, 0, 255, 255, 0, 255, 255, 0, 255, 255, 0, 255, 255, 0, 255, 255, 0, 255, 255, 0, 255, 255, 0, 255, 255, 0, 255, 255, 0, 255, 255, 0, 255, 255, 0, 255, 255, 0, 
255, 255, 0, 255, 255, 0, 255, 255, 0, 255, 255, 0, 255, 255, 0, 255, 255, 0, 255, 255, 0, 255, 255, 0, 255, 255, 0, 255, 255, 0, 255, 255, 0, 255, 255, 0, 255, 255, 0, 255, 255, 0, 255, 255, 0, 255, 255, 0, 255, 255, 0, 255, 255, 0, 
255, 255, 0, 255, 255, 0, 255, 255, 0, 255, 255, 0, 255, 255, 0, 255, 255, 0, 255, 255, 0, 255, 255, 0, 255, 255, 0, 255, 255, 0, 255, 255, 0, 255, 255, 0, 255, 255, 0, 255, 255, 0, 255, 255, 0, 255, 255, 0, 255, 255, 0, 255, 255, 0, 
255, 255, 0, 255, 255, 0, 255, 255, 0, 255, 255, 0, 255, 255, 0, 255, 255, 0, 254, 254, 0, 231, 231, 0, 201, 201, 0, 201, 201, 0, 231, 231, 0, 254, 254, 0, 255, 255, 0, 255, 255, 0, 255, 255, 0, 255, 255, 0, 255, 255, 0, 255, 255, 0, 
255, 255, 0, 255, 255, 0, 255, 255, 0, 255, 255, 0, 255, 255, 0, 236, 236, 0, 134, 134, 0, 43, 43, 0, 12, 12, 0, 13, 13, 0, 43, 43, 0, 135, 135, 0, 237, 237, 0, 255, 255, 0, 255, 255, 0, 255, 255, 0, 255, 255, 0, 255, 255, 0, 
255, 255, 0, 255, 255, 0, 255, 255, 0, 255, 255, 0, 230, 230, 0, 84, 84, 0, 2, 2, 0, 2, 2, 0, 23, 23, 0, 22, 22, 0, 2, 2, 0, 2, 2, 0, 88, 88, 0, 233, 233, 0, 255, 255, 0, 255, 255, 0, 255, 255, 0, 255, 255, 0, 
255, 255, 0, 255, 255, 0, 255, 255, 0, 245, 245, 0, 98, 98, 0, 0, 0, 0, 22, 22, 0, 136, 136, 0, 216, 216, 0, 214, 214, 0, 130, 130, 0, 18, 18, 0, 0, 0, 0, 105, 105, 0, 247, 247, 0, 255, 255, 0, 255, 255, 0, 255, 255, 0, 
255, 255, 0, 255, 255, 0, 255, 255, 0, 164, 164, 0, 7, 7, 0, 14, 14, 0, 164, 164, 0, 255, 255, 0, 255, 255, 0, 255, 255, 0, 253, 253, 0, 152, 152, 0, 9, 9, 0, 9, 9, 0, 165, 165, 0, 255, 255, 0, 255, 255, 0, 255, 255, 0, 
255, 255, 0, 255, 255, 0, 238, 238, 0, 60, 60, 0, 0, 0, 0, 107, 107, 0, 251, 251, 0, 255, 255, 0, 255, 255, 0, 255, 255, 0, 255, 255, 0, 246, 246, 0, 79, 79, 0, 0, 0, 0, 61, 61, 0, 238, 238, 0, 255, 255, 0, 255, 255, 0, 
255, 255, 0, 255, 255, 0, 179, 179, 0, 7, 7, 0, 21, 21, 0, 205, 205, 0, 255, 255, 0, 255, 255, 0, 255, 255, 0, 255, 255, 0, 255, 255, 0, 218, 218, 0, 47, 47, 0, 0, 0, 0, 10, 10, 0, 183, 183, 0, 255, 255, 0, 255, 255, 0, 
255, 255, 0, 255, 255, 0, 111, 111, 0, 0, 0, 0, 76, 76, 0, 248, 248, 0, 255, 255, 0, 255, 255, 0, 255, 255, 0, 255, 255, 0, 239, 239, 0, 84, 84, 0, 0, 0, 0, 0, 0, 0, 0, 0, 0, 117, 117, 0, 255, 255, 0, 255, 255, 0, 
255, 255, 0, 242, 242, 0, 58, 58, 0, 0, 0, 0, 133, 133, 0, 255, 255, 0, 255, 255, 0, 255, 255, 0, 255, 255, 0, 251, 251, 0, 126, 126, 0, 2, 2, 0, 20, 20, 0, 43, 43, 0, 0, 0, 0, 68, 68, 0, 246, 246, 0, 255, 255, 0, 
255, 255, 0, 221, 221, 0, 29, 29, 0, 2, 2, 0, 173, 173, 0, 255, 255, 0, 255, 255, 0, 255, 255, 0, 255, 255, 0, 168, 168, 0, 14, 14, 0, 4, 4, 0, 141, 141, 0, 143, 143, 0, 0, 0, 0, 38, 38, 0, 230, 230, 0, 255, 255, 0, 
255, 255, 0, 202, 202, 0, 14, 14, 0, 10, 10, 0, 194, 194, 0, 255, 255, 0, 255, 255, 0, 255, 255, 0, 204, 204, 0, 36, 36, 0, 0, 0, 0, 97, 97, 0, 248, 248, 0, 175, 175, 0, 2, 2, 0, 22, 22, 0, 214, 214, 0, 255, 255, 0, 
255, 255, 0, 189, 189, 0, 8, 8, 0, 15, 15, 0, 204, 204, 0, 255, 255, 0, 255, 255, 0, 231, 231, 0, 67, 67, 0, 0, 0, 0, 61, 61, 0, 226, 226, 0, 255, 255, 0, 188, 188, 0, 7, 7, 0, 14, 14, 0, 202, 202, 0, 255, 255, 0, 
255, 255, 0, 187, 187, 0, 6, 6, 0, 14, 14, 0, 203, 203, 0, 255, 255, 0, 247, 247, 0, 107, 107, 0, 0, 0, 0, 32, 32, 0, 199, 199, 0, 255, 255, 0, 255, 255, 0, 194, 194, 0, 10, 10, 0, 11, 11, 0, 197, 197, 0, 255, 255, 0, 
255, 255, 0, 192, 192, 0, 9, 9, 0, 9, 9, 0, 192, 192, 0, 255, 255, 0, 149, 149, 0, 7, 7, 0, 13, 13, 0, 164, 164, 0, 255, 255, 0, 255, 255, 0, 255, 255, 0, 192, 192, 0, 9, 9, 0, 13, 13, 0, 201, 201, 0, 255, 255, 0, 
255, 255, 0, 207, 207, 0, 18, 18, 0, 2, 2, 0, 171, 171, 0, 193, 193, 0, 24, 24, 0, 2, 2, 0, 125, 125, 0, 251, 251, 0, 255, 255, 0, 255, 255, 0, 255, 255, 0, 180, 180, 0, 4, 4, 0, 21, 21, 0, 212, 212, 0, 255, 255, 0, 
255, 255, 0, 227, 227, 0, 36, 36, 0, 0, 0, 0, 96, 96, 0, 55, 55, 0, 0, 0, 0, 85, 85, 0, 239, 239, 0, 255, 255, 0, 255, 255, 0, 255, 255, 0, 255, 255, 0, 154, 154, 0, 0, 0, 0, 37, 37, 0, 229, 229, 0, 255, 255, 0, 
255, 255, 0, 247, 247, 0, 73, 73, 0, 0, 0, 0, 5, 5, 0, 0, 0, 0, 51, 51, 0, 219, 219, 0, 255, 255, 0, 255, 255, 0, 255, 255, 0, 255, 255, 0, 255, 255, 0, 110, 110, 0, 0, 0, 0, 68, 68, 0, 246, 246, 0, 255, 255, 0, 
255, 255, 0, 255, 255, 0, 132, 132, 0, 0, 0, 0, 0, 0, 0, 27, 27, 0, 189, 189, 0, 255, 255, 0, 255, 255, 0, 255, 255, 0, 255, 255, 0, 255, 255, 0, 238, 238, 0, 55, 55, 0, 0, 0, 0, 121, 121, 0, 255, 255, 0, 255, 255, 0, 
255, 255, 0, 255, 255, 0, 201, 201, 0, 19, 19, 0, 0, 0, 0, 88, 88, 0, 250, 250, 0, 255, 255, 0, 255, 255, 0, 255, 255, 0, 255, 255, 0, 255, 255, 0, 178, 178, 0, 9, 9, 0, 13, 13, 0, 191, 191, 0, 255, 255, 0, 255, 255, 0, 
255, 255, 0, 255, 255, 0, 249, 249, 0, 92, 92, 0, 0, 0, 0, 23, 23, 0, 188, 188, 0, 255, 255, 0, 255, 255, 0, 255, 255, 0, 255, 255, 0, 237, 237, 0, 72, 72, 0, 0, 0, 0, 76, 76, 0, 244, 244, 0, 255, 255, 0, 255, 255, 0, 
255, 255, 0, 255, 255, 0, 255, 255, 0, 201, 201, 0, 28, 28, 0, 0, 0, 0, 46, 46, 0, 194, 194, 0, 253, 253, 0, 255, 255, 0, 231, 231, 0, 103, 103, 0, 2, 2, 0, 17, 17, 0, 184, 184, 0, 255, 255, 0, 255, 255, 0, 255, 255, 0, 
255, 255, 0, 255, 255, 0, 255, 255, 0, 255, 255, 0, 155, 155, 0, 14, 14, 0, 0, 0, 0, 24, 24, 0, 90, 90, 0, 104, 104, 0, 49, 49, 0, 2, 2, 0, 7, 7, 0, 135, 135, 0, 252, 252, 0, 255, 255, 0, 255, 255, 0, 255, 255, 0, 
255, 255, 0, 255, 255, 0, 255, 255, 0, 255, 255, 0, 251, 251, 0, 157, 157, 0, 31, 31, 0, 0, 0, 0, 0, 0, 0, 0, 0, 0, 0, 0, 0, 24, 24, 0, 139, 139, 0, 247, 247, 0, 255, 255, 0, 255, 255, 0, 255, 255, 0, 255, 255, 0, 
255, 255, 0, 255, 255, 0, 255, 255, 0, 255, 255, 0, 255, 255, 0, 254, 254, 0, 211, 211, 0, 127, 127, 0, 80, 80, 0, 81, 81, 0, 126, 126, 0, 205, 205, 0, 252, 252, 0, 255, 255, 0, 255, 255, 0, 255, 255, 0, 255, 255, 0, 255, 255, 0, 
255, 255, 0, 255, 255, 0, 255, 255, 0, 255, 255, 0, 255, 255, 0, 255, 255, 0, 255, 255, 0, 255, 255, 0, 251, 251, 0, 251, 251, 0, 255, 255, 0, 255, 255, 0, 255, 255, 0, 255, 255, 0, 255, 255, 0, 255, 255, 0, 255, 255, 0, 255, 255, 0, 
255, 255, 0, 255, 255, 0, 255, 255, 0, 255, 255, 0, 255, 255, 0, 255, 255, 0, 255, 255, 0, 255, 255, 0, 255, 255, 0, 255, 255, 0, 255, 255, 0, 255, 255, 0, 255, 255, 0, 255, 255, 0, 255, 255, 0, 255, 255, 0, 255, 255, 0, 255, 255, 0, 
255, 255, 0, 255, 255, 0, 255, 255, 0, 255, 255, 0, 255, 255, 0, 255, 255, 0, 255, 255, 0, 255, 255, 0, 255, 255, 0, 255, 255, 0, 255, 255, 0, 255, 255, 0, 255, 255, 0, 255, 255, 0, 255, 255, 0, 255, 255, 0, 255, 255, 0, 255, 255, 0, 
255, 255, 0, 255, 255, 0, 255, 255, 0, 255, 255, 0, 255, 255, 0, 255, 255, 0, 255, 255, 0, 255, 255, 0, 255, 255, 0, 255, 255, 0, 255, 255, 0, 255, 255, 0, 255, 255, 0, 255, 255, 0, 255, 255, 0, 255, 255, 0, 255, 255, 0, 255, 255, 0, 
255, 255, 0, 255, 255, 0, 255, 255, 0, 255, 255, 0, 255, 255, 0, 255, 255, 0, 255, 255, 0, 255, 255, 0, 255, 255, 0, 255, 255, 0, 255, 255, 0, 255, 255, 0, 255, 255, 0, 255, 255, 0, 255, 255, 0, 255, 255, 0, 255, 255, 0, 255, 255, 0, 
255, 255, 0, 255, 255, 0, 255, 255, 0, 255, 255, 0, 255, 255, 0, 255, 255, 0, 255, 255, 0, 255, 255, 0, 255, 255, 0, 255, 255, 0, 255, 255, 0, 255, 255, 0, 255, 255, 0, 255, 255, 0, 255, 255, 0, 255, 255, 0, 255, 255, 0, 255, 255, 0, 
255, 255, 0, 255, 255, 0, 255, 255, 0, 255, 255, 0, 255, 255, 0, 255, 255, 0, 255, 255, 0, 255, 255, 0, 255, 255, 0, 255, 255, 0, 255, 255, 0, 255, 255, 0, 255, 255, 0, 255, 255, 0, 255, 255, 0, 255, 255, 0, 255, 255, 0, 255, 255, 0, 
