255, 255, 0, 255, 255, 0, 255, 255, 0, 255, 255, 0, 255, 255, 0, 255, 255, 0, 255, 255, 0, 255, 255, 0, 255, 255, 0, 255, 255, 0, 255, 255, 0, 255, 255, 0, 255, 255, 0, 255, 255, 0, 255, 255, 0, 255, 255, 0, 255, 255, 0, 255, 255, 0, 
255, 255, 0, 255, 255, 0, 255, 255, 0, 255, 255, 0, 255, 255, 0, 255, 255, 0, 255, 255, 0, 255, 255, 0, 255, 255, 0, 255, 255, 0, 255, 255, 0, 255, 255, 0, 255, 255, 0, 255, 255, 0, 255, 255, 0, 255, 255, 0, 255, 255, 0, 255, 255, 0, 
255, 255, 0, 255, 255, 0, 255, 255, 0, 255, 255, 0, 255, 255, 0, 255, 255, 0, 255, 255, 0, 255, 255, 0, 255, 255, 0, 255, 255, 0, 255, 255, 0, 255, 255, 0, 255, 255, 0, 255, 255, 0, 255, 255, 0, 255, 255, 0, 255, 255, 0, 255, 255, 0, 
255, 255, 0, 255, 255, 0, 255, 255, 0, 255, 255, 0, 255, 255, 0, 255, 255, 0, 255, 255, 0, 255, 255, 0, 255, 255, 0, 255, 255, 0, 255, 255, 0, 255, 255, 0, 255, 255, 0, 255, 255, 0, 255, 255, 0, 255, 255, 0, 255, 255, 0, 255, 255, 0, 
255, 255, 0, 255, 255, 0, 255, 255, 0, 255, 255, 0, 255, 255, 0, 255, 255, 0, 255, 255, 0, 255, 255, 0, 255, 255, 0, 255, 255, 0, 255, 255, 0, 255, 255, 0, 255, 255, 0, 165, 165, 0, 106, 106, 0, 128, 128, 0, 237, 237, 0, 255, 255, 0, 
255, 255, 0, 255, 255, 0, 255, 255, 0, 255, 255, 0, 255, 255, 0, 255, 255, 0, 255, 255, 0, 255, 255, 0, 255, 255, 0, 255, 255, 0, 255, 255, 0, 255, 255, 0, 255, 255, 0, 97, 97, 0, 0, 0, 0, 63, 63, 0, 244, 244, 0, 255, 255, 0, 
255, 255, 0, 255, 255, 0, 255, 255, 0, 255, 255, 0, 255, 255, 0, 255, 255, 0, 255, 255, 0, 255, 255, 0, 255, 255, 0, 255, 255, 0, 255, 255, 0, 255, 255, 0, 255, 255, 0, 97, 97, 0, 0, 0, 0, 70, 70, 0, 248, 248, 0, 255, 255, 0, 
255, 255, 0, 255, 255, 0, 255, 255, 0, 255, 255, 0, 255, 255, 0, 255, 255, 0, 255, 255, 0, 255, 255, 0, 255, 255, 0, 255, 255, 0, 255, 255, 0, 255, 255, 0, 255, 255, 0, 97, 97, 0, 0, 0, 0, 70, 70, 0, 248, 248, 0, 255, 255, 0, 
255, 255, 0, 255, 255, 0, 255, 255, 0, 255, 255, 0, 255, 255, 0, 255, 255, 0, 255, 255, 0, 255, 255, 0, 255, 255, 0, 255, 255, 0, 255, 255, 0, 255, 255, 0, 255, 255, 0, 97, 97, 0, 0, 0, 0, 70, 70, 0, 248, 248, 0, 255, 255, 0, 
255, 255, 0, 255, 255, 0, 255, 255, 0, 255, 255, 0, 255, 255, 0, 255, 255, 0, 255, 255, 0, 255, 255, 0, 255, 255, 0, 255, 255, 0, 255, 255, 0, 255, 255, 0, 255, 255, 0, 97, 97, 0, 0, 0, 0, 69, 69, 0, 248, 248, 0, 255, 255, 0, 
255, 255, 0, 255, 255, 0, 255, 255, 0, 255, 255, 0, 255, 255, 0, 255, 255, 0, 255, 255, 0, 255, 255, 0, 255, 255, 0, 255, 255, 0, 255, 255, 0, 255, 255, 0, 255, 255, 0, 97, 97, 0, 0, 0, 0, 69, 69, 0, 248, 248, 0, 255, 255, 0, 
255, 255, 0, 255, 255, 0, 255, 255, 0, 255, 255, 0, 255, 255, 0, 243, 243, 0, 195, 195, 0, 148, 148, 0, 130, 130, 0, 146, 146, 0, 194, 194, 0, 245, 245, 0, 255, 255, 0, 97, 97, 0, 0, 0, 0, 69, 69, 0, 248, 248, 0, 255, 255, 0, 
255, 255, 0, 255, 255, 0, 255, 255, 0, 255, 255, 0, 196, 196, 0, 74, 74, 0, 12, 12, 0, 0, 0, 0, 0, 0, 0, 0, 0, 0, 11, 11, 0, 88, 88, 0, 219, 219, 0, 98, 98, 0, 0, 0, 0, 69, 69, 0, 248, 248, 0, 255, 255, 0, 
255, 255, 0, 255, 255, 0, 255, 255, 0, 183, 183, 0, 30, 30, 0, 0, 0, 0, 18, 18, 0, 75, 75, 0, 111, 111, 0, 97, 97, 0, 35, 35, 0, 0, 0, 0, 69, 69, 0, 74, 74, 0, 0, 0, 0, 68, 68, 0, 247, 247, 0, 255, 255, 0, 
255, 255, 0, 255, 255, 0, 220, 220, 0, 45, 45, 0, 0, 0, 0, 51, 51, 0, 188, 188, 0, 249, 249, 0, 255, 255, 0, 254, 254, 0, 221, 221, 0, 110, 110, 0, 12, 12, 0, 9, 9, 0, 0, 0, 0, 68, 68, 0, 247, 247, 0, 255, 255, 0, 
255, 255, 0, 255, 255, 0, 123, 123, 0, 0, 0, 0, 29, 29, 0, 201, 201, 0, 255, 255, 0, 255, 255, 0, 255, 255, 0, 255, 255, 0, 255, 255, 0, 247, 247, 0, 100, 100, 0, 0, 0, 0, 0, 0, 0, 68, 68, 0, 247, 247, 0, 255, 255, 0, 
255, 255, 0, 232, 232, 0, 45, 45, 0, 0, 0, 0, 109, 109, 0, 254, 254, 0, 255, 255, 0, 255, 255, 0, 255, 255, 0, 255, 255, 0, 255, 255, 0, 255, 255, 0, 190, 190, 0, 12, 12, 0, 0, 0, 0, 68, 68, 0, 247, 247, 0, 255, 255, 0, 
255, 255, 0, 195, 195, 0, 12, 12, 0, 3, 3, 0, 170, 170, 0, 255, 255, 0, 255, 255, 0, 255, 255, 0, 255, 255, 0, 255, 255, 0, 255, 255, 0, 255, 255, 0, 225, 225, 0, 33, 33, 0, 0, 0, 0, 67, 67, 0, 247, 247, 0, 255, 255, 0, 
255, 255, 0, 167, 167, 0, 1, 1, 0, 12, 12, 0, 197, 197, 0, 255, 255, 0, 255, 255, 0, 255, 255, 0, 255, 255, 0, 255, 255, 0, 255, 255, 0, 255, 255, 0, 237, 237, 0, 48, 48, 0, 0, 0, 0, 67, 67, 0, 247, 247, 0, 255, 255, 0, 
255, 255, 0, 153, 153, 0, 0, 0, 0, 15, 15, 0, 204, 204, 0, 255, 255, 0, 255, 255, 0, 255, 255, 0, 255, 255, 0, 255, 255, 0, 255, 255, 0, 255, 255, 0, 241, 241, 0, 54, 54, 0, 0, 0, 0, 67, 67, 0, 247, 247, 0, 255, 255, 0, 
255, 255, 0, 152, 152, 0, 0, 0, 0, 12, 12, 0, 196, 196, 0, 255, 255, 0, 255, 255, 0, 255, 255, 0, 255, 255, 0, 255, 255, 0, 255, 255, 0, 255, 255, 0, 240, 240, 0, 51, 51, 0, 0, 0, 0, 67, 67, 0, 247, 247, 0, 255, 255, 0, 
255, 255, 0, 165, 165, 0, 1, 1, 0, 4, 4, 0, 175, 175, 0, 255, 255, 0, 255, 255, 0, 255, 255, 0, 255, 255, 0, 255, 255, 0, 255, 255, 0, 255, 255, 0, 232, 232, 0, 41, 41, 0, 0, 0, 0, 66, 66, 0, 247, 247, 0, 255, 255, 0, 
255, 255, 0, 192, 192, 0, 10, 10, 0, 0, 0, 0, 131, 131, 0, 255, 255, 0, 255, 255, 0, 255, 255, 0, 255, 255, 0, 255, 255, 0, 255, 255, 0, 255, 255, 0, 214, 214, 0, 23, 23, 0, 0, 0, 0, 66, 66, 0, 246, 246, 0, 255, 255, 0, 
255, 255, 0, 227, 227, 0, 38, 38, 0, 0, 0, 0, 63, 63, 0, 240, 240, 0, 255, 255, 0, 255, 255, 0, 255, 255, 0, 255, 255, 0, 255, 255, 0, 255, 255, 0, 167, 167, 0, 4, 4, 0, 0, 0, 0, 66, 66, 0, 246, 246, 0, 255, 255, 0, 
255, 255, 0, 253, 253, 0, 103, 103, 0, 0, 0, 0, 7, 7, 0, 160, 160, 0, 255, 255, 0, 255, 255, 0, 255, 255, 0, 255, 255, 0, 255, 255, 0, 233, 233, 0, 67, 67, 0, 0, 0, 0, 0, 0, 0, 66, 66, 0, 246, 246, 0, 255, 255, 0, 
255, 255, 0, 255, 255, 0, 199, 199, 0, 23, 23, 0, 0, 0, 0, 32, 32, 0, 171, 171, 0, 245, 245, 0, 255, 255, 0, 252, 252, 0, 211, 211, 0, 85, 85, 0, 6, 6, 0, 7, 7, 0, 0, 0, 0, 65, 65, 0, 246, 246, 0, 255, 255, 0, 
255, 255, 0, 255, 255, 0, 253, 253, 0, 138, 138, 0, 7, 7, 0, 0, 0, 0, 13, 13, 0, 66, 66, 0, 101, 101, 0, 84, 84, 0, 28, 28, 0, 1, 1, 0, 85, 85, 0, 59, 59, 0, 0, 0, 0, 65, 65, 0, 246, 246, 0, 255, 255, 0, 
255, 255, 0, 255, 255, 0, 255, 255, 0, 247, 247, 0, 140, 140, 0, 27, 27, 0, 0, 0, 0, 0, 0, 0, 0, 0, 0, 0, 0, 0, 13, 13, 0, 105, 105, 0, 228, 228, 0, 80, 80, 0, 0, 0, 0, 55, 55, 0, 241, 241, 0, 255, 255, 0, 
255, 255, 0, 255, 255, 0, 255, 255, 0, 255, 255, 0, 253, 253, 0, 210, 210, 0, 136, 136, 0, 91, 91, 0, 82, 82, 0, 115, 115, 0, 189, 189, 0, 248, 248, 0, 255, 255, 0, 191, 191, 0, 153, 153, 0, 172, 172, 0, 246, 246, 0, 255, 255, 0, 
255, 255, 0, 255, 255, 0, 255, 255, 0, 255, 255, 0, 255, 255, 0, 255, 255, 0, 255, 255, 0, 253, 253, 0, 252, 252, 0, 255, 255, 0, 255, 255, 0, 255, 255, 0, 255, 255, 0, 255, 255, 0, 255, 255, 0, 255, 255, 0, 255, 255, 0, 255, 255, 0, 
255, 255, 0, 255, 255, 0, 255, 255, 0, 255, 255, 0, 255, 255, 0, 255, 255, 0, 255, 255, 0, 255, 255, 0, 255, 255, 0, 255, 255, 0, 255, 255, 0, 255, 255, 0, 255, 255, 0, 255, 255, 0, 255, 255, 0, 255, 255, 0, 255, 255, 0, 255, 255, 0, 
255, 255, 0, 255, 255, 0, 255, 255, 0, 255, 255, 0, 255, 255, 0, 255, 255, 0, 255, 255, 0, 255, 255, 0, 255, 255, 0, 255, 255, 0, 255, 255, 0, 255, 255, 0, 255, 255, 0, 255, 255, 0, 255, 255, 0, 255, 255, 0, 255, 255, 0, 255, 255, 0, 
255, 255, 0, 255, 255, 0, 255, 255, 0, 255, 255, 0, 255, 255, 0, 255, 255, 0, 255, 255, 0, 255, 255, 0, 255, 255, 0, 255, 255, 0, 255, 255, 0, 255, 255, 0, 255, 255, 0, 255, 255, 0, 255, 255, 0, 255, 255, 0, 255, 255, 0, 255, 255, 0, 
255, 255, 0, 255, 255, 0, 255, 255, 0, 255, 255, 0, 255, 255, 0, 255, 255, 0, 255, 255, 0, 255, 255, 0, 255, 255, 0, 255, 255, 0, 255, 255, 0, 255, 255, 0, 255, 255, 0, 255, 255, 0, 255, 255, 0, 255, 255, 0, 255, 255, 0, 255, 255, 0, 
255, 255, 0, 255, 255, 0, 255, 255, 0, 255, 255, 0, 255, 255, 0, 255, 255, 0, 255, 255, 0, 255, 255, 0, 255, 255, 0, 255, 255, 0, 255, 255, 0, 255, 255, 0, 255, 255, 0, 255, 255, 0, 255, 255, 0, 255, 255, 0, 255, 255, 0, 255, 255, 0, 
255, 255, 0, 255, 255, 0, 255, 255, 0, 255, 255, 0, 255, 255, 0, 255, 255, 0, 255, 255, 0, 255, 255, 0, 255, 255, 0, 255, 255, 0, 255, 255, 0, 255, 255, 0, 255, 255, 0, 255, 255, 0, 255, 255, 0, 255, 255, 0, 255, 255, 0, 255, 255, 0, 
