255, 255, 0, 255, 255, 0, 255, 255, 0, 255, 255, 0, 255, 255, 0, 255, 255, 0, 255, 255, 0, 255, 255, 0, 255, 255, 0, 255, 255, 0, 255, 255, 0, 255, 255, 0, 255, 255, 0, 255, 255, 0, 255, 255, 0, 255, 255, 0, 255, 255, 0, 255, 255, 0, 
255, 255, 0, 255, 255, 0, 255, 255, 0, 255, 255, 0, 255, 255, 0, 255, 255, 0, 255, 255, 0, 255, 255, 0, 255, 255, 0, 255, 255, 0, 255, 255, 0, 255, 255, 0, 255, 255, 0, 255, 255, 0, 255, 255, 0, 255, 255, 0, 255, 255, 0, 255, 255, 0, 
255, 255, 0, 255, 255, 0, 255, 255, 0, 255, 255, 0, 255, 255, 0, 255, 255, 0, 255, 255, 0, 255, 255, 0, 255, 255, 0, 255, 255, 0, 255, 255, 0, 255, 255, 0, 255, 255, 0, 255, 255, 0, 255, 255, 0, 255, 255, 0, 255, 255, 0, 255, 255, 0, 
255, 255, 0, 255, 255, 0, 255, 255, 0, 255, 255, 0, 255, 255, 0, 255, 255, 0, 255, 255, 0, 255, 255, 0, 255, 255, 0, 255, 255, 0, 255, 255, 0, 255, 255, 0, 255, 255, 0, 255, 255, 0, 255, 255, 0, 255, 255, 0, 255, 255, 0, 255, 255, 0, 
255, 255, 0, 255, 255, 0, 255, 255, 0, 255, 255, 0, 255, 255, 0, 255, 255, 0, 255, 255, 0, 255, 255, 0, 255, 255, 0, 255, 255, 0, 255, 255, 0, 255, 255, 0, 255, 255, 0, 255, 255, 0, 255, 255, 0, 255, 255, 0, 255, 255, 0, 255, 255, 0, 
255, 255, 0, 250, 250, 0, 219, 219, 0, 215, 215, 0, 216, 216, 0, 216, 216, 0, 216, 216, 0, 216, 216, 0, 216, 216, 0, 221, 221, 0, 232, 232, 0, 248, 248, 0, 255, 255, 0, 255, 255, 0, 255, 255, 0, 255, 255, 0, 255, 255, 0, 255, 255, 0, 
255, 255, 0, 223, 223, 0, 48, 48, 0, 22, 22, 0, 24, 24, 0, 24, 24, 0, 24, 24, 0, 24, 24, 0, 24, 24, 0, 28, 28, 0, 41, 41, 0, 73, 73, 0, 141, 141, 0, 225, 225, 0, 255, 255, 0, 255, 255, 0, 255, 255, 0, 255, 255, 0, 
255, 255, 0, 220, 220, 0, 27, 27, 0, 0, 0, 0, 1, 1, 0, 3, 3, 0, 3, 3, 0, 3, 3, 0, 3, 3, 0, 2, 2, 0, 0, 0, 0, 0, 0, 0, 1, 1, 0, 49, 49, 0, 192, 192, 0, 255, 255, 0, 255, 255, 0, 255, 255, 0, 
255, 255, 0, 220, 220, 0, 27, 27, 0, 0, 0, 0, 86, 86, 0, 179, 179, 0, 177, 177, 0, 177, 177, 0, 177, 177, 0, 172, 172, 0, 139, 139, 0, 63, 63, 0, 5, 5, 0, 0, 0, 0, 45, 45, 0, 218, 218, 0, 255, 255, 0, 255, 255, 0, 
255, 255, 0, 220, 220, 0, 27, 27, 0, 0, 0, 0, 125, 125, 0, 255, 255, 0, 255, 255, 0, 255, 255, 0, 255, 255, 0, 255, 255, 0, 255, 255, 0, 239, 239, 0, 115, 115, 0, 3, 3, 0, 0, 0, 0, 122, 122, 0, 255, 255, 0, 255, 255, 0, 
255, 255, 0, 220, 220, 0, 27, 27, 0, 0, 0, 0, 125, 125, 0, 255, 255, 0, 255, 255, 0, 255, 255, 0, 255, 255, 0, 255, 255, 0, 255, 255, 0, 255, 255, 0, 233, 233, 0, 54, 54, 0, 0, 0, 0, 54, 54, 0, 239, 239, 0, 255, 255, 0, 
255, 255, 0, 220, 220, 0, 27, 27, 0, 0, 0, 0, 125, 125, 0, 255, 255, 0, 255, 255, 0, 255, 255, 0, 255, 255, 0, 255, 255, 0, 255, 255, 0, 255, 255, 0, 255, 255, 0, 114, 114, 0, 0, 0, 0, 28, 28, 0, 221, 221, 0, 255, 255, 0, 
255, 255, 0, 220, 220, 0, 27, 27, 0, 0, 0, 0, 125, 125, 0, 255, 255, 0, 255, 255, 0, 255, 255, 0, 255, 255, 0, 255, 255, 0, 255, 255, 0, 255, 255, 0, 255, 255, 0, 131, 131, 0, 0, 0, 0, 25, 25, 0, 217, 217, 0, 255, 255, 0, 
255, 255, 0, 220, 220, 0, 27, 27, 0, 0, 0, 0, 125, 125, 0, 255, 255, 0, 255, 255, 0, 255, 255, 0, 255, 255, 0, 255, 255, 0, 255, 255, 0, 255, 255, 0, 254, 254, 0, 99, 99, 0, 0, 0, 0, 42, 42, 0, 232, 232, 0, 255, 255, 0, 
255, 255, 0, 220, 220, 0, 27, 27, 0, 0, 0, 0, 125, 125, 0, 255, 255, 0, 255, 255, 0, 255, 255, 0, 255, 255, 0, 255, 255, 0, 255, 255, 0, 255, 255, 0, 206, 206, 0, 31, 31, 0, 0, 0, 0, 99, 99, 0, 253, 253, 0, 255, 255, 0, 
255, 255, 0, 220, 220, 0, 27, 27, 0, 0, 0, 0, 122, 122, 0, 253, 253, 0, 249, 249, 0, 249, 249, 0, 249, 249, 0, 246, 246, 0, 234, 234, 0, 181, 181, 0, 57, 57, 0, 0, 0, 0, 21, 21, 0, 194, 194, 0, 255, 255, 0, 255, 255, 0, 
255, 255, 0, 220, 220, 0, 27, 27, 0, 0, 0, 0, 36, 36, 0, 74, 74, 0, 73, 73, 0, 73, 73, 0, 73, 73, 0, 66, 66, 0, 43, 43, 0, 11, 11, 0, 0, 0, 0, 9, 9, 0, 139, 139, 0, 253, 253, 0, 255, 255, 0, 255, 255, 0, 
255, 255, 0, 220, 220, 0, 27, 27, 0, 0, 0, 0, 0, 0, 0, 0, 0, 0, 0, 0, 0, 0, 0, 0, 0, 0, 0, 0, 0, 0, 0, 0, 0, 3, 3, 0, 36, 36, 0, 151, 151, 0, 248, 248, 0, 255, 255, 0, 255, 255, 0, 255, 255, 0, 
255, 255, 0, 220, 220, 0, 27, 27, 0, 0, 0, 0, 66, 66, 0, 136, 136, 0, 135, 135, 0, 136, 136, 0, 127, 127, 0, 29, 29, 0, 0, 0, 0, 60, 60, 0, 218, 218, 0, 254, 254, 0, 255, 255, 0, 255, 255, 0, 255, 255, 0, 255, 255, 0, 
255, 255, 0, 220, 220, 0, 27, 27, 0, 0, 0, 0, 125, 125, 0, 255, 255, 0, 255, 255, 0, 255, 255, 0, 255, 255, 0, 124, 124, 0, 0, 0, 0, 25, 25, 0, 204, 204, 0, 255, 255, 0, 255, 255, 0, 255, 255, 0, 255, 255, 0, 255, 255, 0, 
255, 255, 0, 220, 220, 0, 27, 27, 0, 0, 0, 0, 125, 125, 0, 255, 255, 0, 255, 255, 0, 255, 255, 0, 255, 255, 0, 217, 217, 0, 34, 34, 0, 0, 0, 0, 102, 102, 0, 251, 251, 0, 255, 255, 0, 255, 255, 0, 255, 255, 0, 255, 255, 0, 
255, 255, 0, 220, 220, 0, 27, 27, 0, 0, 0, 0, 125, 125, 0, 255, 255, 0, 255, 255, 0, 255, 255, 0, 255, 255, 0, 255, 255, 0, 124, 124, 0, 0, 0, 0, 20, 20, 0, 197, 197, 0, 255, 255, 0, 255, 255, 0, 255, 255, 0, 255, 255, 0, 
255, 255, 0, 220, 220, 0, 27, 27, 0, 0, 0, 0, 125, 125, 0, 255, 255, 0, 255, 255, 0, 255, 255, 0, 255, 255, 0, 255, 255, 0, 217, 217, 0, 34, 34, 0, 0, 0, 0, 95, 95, 0, 250, 250, 0, 255, 255, 0, 255, 255, 0, 255, 255, 0, 
255, 255, 0, 220, 220, 0, 27, 27, 0, 0, 0, 0, 125, 125, 0, 255, 255, 0, 255, 255, 0, 255, 255, 0, 255, 255, 0, 255, 255, 0, 255, 255, 0, 125, 125, 0, 0, 0, 0, 17, 17, 0, 191, 191, 0, 255, 255, 0, 255, 255, 0, 255, 255, 0, 
255, 255, 0, 220, 220, 0, 27, 27, 0, 0, 0, 0, 125, 125, 0, 255, 255, 0, 255, 255, 0, 255, 255, 0, 255, 255, 0, 255, 255, 0, 255, 255, 0, 217, 217, 0, 35, 35, 0, 0, 0, 0, 88, 88, 0, 248, 248, 0, 255, 255, 0, 255, 255, 0, 
255, 255, 0, 220, 220, 0, 27, 27, 0, 0, 0, 0, 125, 125, 0, 255, 255, 0, 255, 255, 0, 255, 255, 0, 255, 255, 0, 255, 255, 0, 255, 255, 0, 255, 255, 0, 125, 125, 0, 0, 0, 0, 14, 14, 0, 185, 185, 0, 255, 255, 0, 255, 255, 0, 
255, 255, 0, 220, 220, 0, 27, 27, 0, 0, 0, 0, 125, 125, 0, 255, 255, 0, 255, 255, 0, 255, 255, 0, 255, 255, 0, 255, 255, 0, 255, 255, 0, 255, 255, 0, 217, 217, 0, 35, 35, 0, 0, 0, 0, 82, 82, 0, 246, 246, 0, 255, 255, 0, 
255, 255, 0, 220, 220, 0, 27, 27, 0, 0, 0, 0, 125, 125, 0, 255, 255, 0, 255, 255, 0, 255, 255, 0, 255, 255, 0, 255, 255, 0, 255, 255, 0, 255, 255, 0, 255, 255, 0, 125, 125, 0, 0, 0, 0, 11, 11, 0, 179, 179, 0, 255, 255, 0, 
255, 255, 0, 241, 241, 0, 166, 166, 0, 153, 153, 0, 204, 204, 0, 255, 255, 0, 255, 255, 0, 255, 255, 0, 255, 255, 0, 255, 255, 0, 255, 255, 0, 255, 255, 0, 255, 255, 0, 229, 229, 0, 159, 159, 0, 153, 153, 0, 201, 201, 0, 255, 255, 0, 
255, 255, 0, 255, 255, 0, 255, 255, 0, 255, 255, 0, 255, 255, 0, 255, 255, 0, 255, 255, 0, 255, 255, 0, 255, 255, 0, 255, 255, 0, 255, 255, 0, 255, 255, 0, 255, 255, 0, 255, 255, 0, 255, 255, 0, 255, 255, 0, 255, 255, 0, 255, 255, 0, 
255, 255, 0, 255, 255, 0, 255, 255, 0, 255, 255, 0, 255, 255, 0, 255, 255, 0, 255, 255, 0, 255, 255, 0, 255, 255, 0, 255, 255, 0, 255, 255, 0, 255, 255, 0, 255, 255, 0, 255, 255, 0, 255, 255, 0, 255, 255, 0, 255, 255, 0, 255, 255, 0, 
255, 255, 0, 255, 255, 0, 255, 255, 0, 255, 255, 0, 255, 255, 0, 255, 255, 0, 255, 255, 0, 255, 255, 0, 255, 255, 0, 255, 255, 0, 255, 255, 0, 255, 255, 0, 255, 255, 0, 255, 255, 0, 255, 255, 0, 255, 255, 0, 255, 255, 0, 255, 255, 0, 
255, 255, 0, 255, 255, 0, 255, 255, 0, 255, 255, 0, 255, 255, 0, 255, 255, 0, 255, 255, 0, 255, 255, 0, 255, 255, 0, 255, 255, 0, 255, 255, 0, 255, 255, 0, 255, 255, 0, 255, 255, 0, 255, 255, 0, 255, 255, 0, 255, 255, 0, 255, 255, 0, 
255, 255, 0, 255, 255, 0, 255, 255, 0, 255, 255, 0, 255, 255, 0, 255, 255, 0, 255, 255, 0, 255, 255, 0, 255, 255, 0, 255, 255, 0, 255, 255, 0, 255, 255, 0, 255, 255, 0, 255, 255, 0, 255, 255, 0, 255, 255, 0, 255, 255, 0, 255, 255, 0, 
255, 255, 0, 255, 255, 0, 255, 255, 0, 255, 255, 0, 255, 255, 0, 255, 255, 0, 255, 255, 0, 255, 255, 0, 255, 255, 0, 255, 255, 0, 255, 255, 0, 255, 255, 0, 255, 255, 0, 255, 255, 0, 255, 255, 0, 255, 255, 0, 255, 255, 0, 255, 255, 0, 
255, 255, 0, 255, 255, 0, 255, 255, 0, 255, 255, 0, 255, 255, 0, 255, 255, 0, 255, 255, 0, 255, 255, 0, 255, 255, 0, 255, 255, 0, 255, 255, 0, 255, 255, 0, 255, 255, 0, 255, 255, 0, 255, 255, 0, 255, 255, 0, 255, 255, 0, 255, 255, 0, 
