255, 255, 0, 255, 255, 0, 255, 255, 0, 255, 255, 0, 255, 255, 0, 255, 255, 0, 255, 255, 0, 255, 255, 0, 255, 255, 0, 255, 255, 0, 255, 255, 0, 255, 255, 0, 255, 255, 0, 255, 255, 0, 255, 255, 0, 255, 255, 0, 255, 255, 0, 255, 255, 0, 
255, 255, 0, 255, 255, 0, 255, 255, 0, 255, 255, 0, 255, 255, 0, 255, 255, 0, 255, 255, 0, 255, 255, 0, 255, 255, 0, 255, 255, 0, 255, 255, 0, 255, 255, 0, 255, 255, 0, 255, 255, 0, 255, 255, 0, 255, 255, 0, 255, 255, 0, 255, 255, 0, 
255, 255, 0, 255, 255, 0, 255, 255, 0, 255, 255, 0, 255, 255, 0, 255, 255, 0, 255, 255, 0, 255, 255, 0, 255, 255, 0, 255, 255, 0, 255, 255, 0, 255, 255, 0, 255, 255, 0, 255, 255, 0, 255, 255, 0, 255, 255, 0, 255, 255, 0, 255, 255, 0, 
255, 255, 0, 255, 255, 0, 255, 255, 0, 255, 255, 0, 255, 255, 0, 255, 255, 0, 255, 255, 0, 255, 255, 0, 255, 255, 0, 255, 255, 0, 255, 255, 0, 255, 255, 0, 255, 255, 0, 255, 255, 0, 255, 255, 0, 255, 255, 0, 255, 255, 0, 255, 255, 0, 
255, 255, 0, 255, 255, 0, 255, 255, 0, 255, 255, 0, 255, 255, 0, 255, 255, 0, 255, 255, 0, 255, 255, 0, 255, 255, 0, 255, 255, 0, 255, 255, 0, 255, 255, 0, 255, 255, 0, 255, 255, 0, 255, 255, 0, 255, 255, 0, 255, 255, 0, 255, 255, 0, 
255, 255, 0, 236, 236, 0, 207, 207, 0, 209, 209, 0, 237, 237, 0, 255, 255, 0, 255, 255, 0, 255, 255, 0, 255, 255, 0, 255, 255, 0, 255, 255, 0, 255, 255, 0, 255, 255, 0, 233, 233, 0, 208, 208, 0, 210, 210, 0, 246, 246, 0, 255, 255, 0, 
255, 255, 0, 208, 208, 0, 39, 39, 0, 14, 14, 0, 109, 109, 0, 251, 251, 0, 255, 255, 0, 255, 255, 0, 255, 255, 0, 255, 255, 0, 255, 255, 0, 255, 255, 0, 247, 247, 0, 95, 95, 0, 12, 12, 0, 71, 71, 0, 238, 238, 0, 255, 255, 0, 
255, 255, 0, 253, 253, 0, 111, 111, 0, 0, 0, 0, 18, 18, 0, 191, 191, 0, 255, 255, 0, 255, 255, 0, 255, 255, 0, 255, 255, 0, 255, 255, 0, 255, 255, 0, 180, 180, 0, 12, 12, 0, 4, 4, 0, 157, 157, 0, 255, 255, 0, 255, 255, 0, 
255, 255, 0, 255, 255, 0, 214, 214, 0, 33, 33, 0, 0, 0, 0, 83, 83, 0, 245, 245, 0, 255, 255, 0, 255, 255, 0, 255, 255, 0, 255, 255, 0, 241, 241, 0, 72, 72, 0, 0, 0, 0, 62, 62, 0, 237, 237, 0, 255, 255, 0, 255, 255, 0, 
255, 255, 0, 255, 255, 0, 255, 255, 0, 131, 131, 0, 0, 0, 0, 10, 10, 0, 172, 172, 0, 255, 255, 0, 255, 255, 0, 255, 255, 0, 255, 255, 0, 164, 164, 0, 6, 6, 0, 7, 7, 0, 166, 166, 0, 255, 255, 0, 255, 255, 0, 255, 255, 0, 
255, 255, 0, 255, 255, 0, 255, 255, 0, 226, 226, 0, 46, 46, 0, 0, 0, 0, 63, 63, 0, 237, 237, 0, 255, 255, 0, 255, 255, 0, 233, 233, 0, 57, 57, 0, 0, 0, 0, 70, 70, 0, 241, 241, 0, 255, 255, 0, 255, 255, 0, 255, 255, 0, 
255, 255, 0, 255, 255, 0, 255, 255, 0, 255, 255, 0, 150, 150, 0, 3, 3, 0, 4, 4, 0, 152, 152, 0, 255, 255, 0, 255, 255, 0, 146, 146, 0, 2, 2, 0, 10, 10, 0, 174, 174, 0, 255, 255, 0, 255, 255, 0, 255, 255, 0, 255, 255, 0, 
255, 255, 0, 255, 255, 0, 255, 255, 0, 255, 255, 0, 236, 236, 0, 61, 61, 0, 0, 0, 0, 47, 47, 0, 228, 228, 0, 225, 225, 0, 43, 43, 0, 0, 0, 0, 78, 78, 0, 244, 244, 0, 255, 255, 0, 255, 255, 0, 255, 255, 0, 255, 255, 0, 
255, 255, 0, 255, 255, 0, 255, 255, 0, 255, 255, 0, 255, 255, 0, 169, 169, 0, 8, 8, 0, 0, 0, 0, 131, 131, 0, 128, 128, 0, 0, 0, 0, 13, 13, 0, 182, 182, 0, 255, 255, 0, 255, 255, 0, 255, 255, 0, 255, 255, 0, 255, 255, 0, 
255, 255, 0, 255, 255, 0, 255, 255, 0, 255, 255, 0, 255, 255, 0, 244, 244, 0, 78, 78, 0, 0, 0, 0, 19, 19, 0, 19, 19, 0, 0, 0, 0, 86, 86, 0, 247, 247, 0, 255, 255, 0, 255, 255, 0, 255, 255, 0, 255, 255, 0, 255, 255, 0, 
255, 255, 0, 255, 255, 0, 255, 255, 0, 255, 255, 0, 255, 255, 0, 255, 255, 0, 187, 187, 0, 16, 16, 0, 0, 0, 0, 0, 0, 0, 16, 16, 0, 189, 189, 0, 255, 255, 0, 255, 255, 0, 255, 255, 0, 255, 255, 0, 255, 255, 0, 255, 255, 0, 
255, 255, 0, 255, 255, 0, 255, 255, 0, 255, 255, 0, 255, 255, 0, 255, 255, 0, 250, 250, 0, 91, 91, 0, 0, 0, 0, 0, 0, 0, 85, 85, 0, 249, 249, 0, 255, 255, 0, 255, 255, 0, 255, 255, 0, 255, 255, 0, 255, 255, 0, 255, 255, 0, 
255, 255, 0, 255, 255, 0, 255, 255, 0, 255, 255, 0, 255, 255, 0, 255, 255, 0, 245, 245, 0, 80, 80, 0, 0, 0, 0, 0, 0, 0, 65, 65, 0, 238, 238, 0, 255, 255, 0, 255, 255, 0, 255, 255, 0, 255, 255, 0, 255, 255, 0, 255, 255, 0, 
255, 255, 0, 255, 255, 0, 255, 255, 0, 255, 255, 0, 255, 255, 0, 255, 255, 0, 175, 175, 0, 11, 11, 0, 0, 0, 0, 0, 0, 0, 5, 5, 0, 154, 154, 0, 255, 255, 0, 255, 255, 0, 255, 255, 0, 255, 255, 0, 255, 255, 0, 255, 255, 0, 
255, 255, 0, 255, 255, 0, 255, 255, 0, 255, 255, 0, 255, 255, 0, 240, 240, 0, 69, 69, 0, 0, 0, 0, 22, 22, 0, 24, 24, 0, 0, 0, 0, 48, 48, 0, 227, 227, 0, 255, 255, 0, 255, 255, 0, 255, 255, 0, 255, 255, 0, 255, 255, 0, 
255, 255, 0, 255, 255, 0, 255, 255, 0, 255, 255, 0, 255, 255, 0, 162, 162, 0, 6, 6, 0, 0, 0, 0, 131, 131, 0, 143, 143, 0, 2, 2, 0, 0, 0, 0, 131, 131, 0, 255, 255, 0, 255, 255, 0, 255, 255, 0, 255, 255, 0, 255, 255, 0, 
255, 255, 0, 255, 255, 0, 255, 255, 0, 255, 255, 0, 234, 234, 0, 57, 57, 0, 0, 0, 0, 44, 44, 0, 226, 226, 0, 234, 234, 0, 57, 57, 0, 0, 0, 0, 33, 33, 0, 213, 213, 0, 255, 255, 0, 255, 255, 0, 255, 255, 0, 255, 255, 0, 
255, 255, 0, 255, 255, 0, 255, 255, 0, 255, 255, 0, 148, 148, 0, 3, 3, 0, 3, 3, 0, 147, 147, 0, 255, 255, 0, 255, 255, 0, 165, 165, 0, 8, 8, 0, 0, 0, 0, 109, 109, 0, 252, 252, 0, 255, 255, 0, 255, 255, 0, 255, 255, 0, 
255, 255, 0, 255, 255, 0, 255, 255, 0, 226, 226, 0, 46, 46, 0, 0, 0, 0, 58, 58, 0, 234, 234, 0, 255, 255, 0, 255, 255, 0, 243, 243, 0, 77, 77, 0, 0, 0, 0, 21, 21, 0, 196, 196, 0, 255, 255, 0, 255, 255, 0, 255, 255, 0, 
255, 255, 0, 255, 255, 0, 255, 255, 0, 133, 133, 0, 0, 0, 0, 7, 7, 0, 164, 164, 0, 255, 255, 0, 255, 255, 0, 255, 255, 0, 255, 255, 0, 187, 187, 0, 16, 16, 0, 0, 0, 0, 88, 88, 0, 247, 247, 0, 255, 255, 0, 255, 255, 0, 
255, 255, 0, 255, 255, 0, 217, 217, 0, 36, 36, 0, 0, 0, 0, 73, 73, 0, 241, 241, 0, 255, 255, 0, 255, 255, 0, 255, 255, 0, 255, 255, 0, 250, 250, 0, 99, 99, 0, 0, 0, 0, 12, 12, 0, 177, 177, 0, 255, 255, 0, 255, 255, 0, 
255, 255, 0, 254, 254, 0, 119, 119, 0, 0, 0, 0, 13, 13, 0, 180, 180, 0, 255, 255, 0, 255, 255, 0, 255, 255, 0, 255, 255, 0, 255, 255, 0, 255, 255, 0, 206, 206, 0, 28, 28, 0, 0, 0, 0, 68, 68, 0, 239, 239, 0, 255, 255, 0, 
255, 255, 0, 206, 206, 0, 27, 27, 0, 0, 0, 0, 88, 88, 0, 247, 247, 0, 255, 255, 0, 255, 255, 0, 255, 255, 0, 255, 255, 0, 255, 255, 0, 255, 255, 0, 254, 254, 0, 123, 123, 0, 0, 0, 0, 5, 5, 0, 157, 157, 0, 255, 255, 0, 
255, 255, 0, 213, 213, 0, 153, 153, 0, 154, 154, 0, 216, 216, 0, 255, 255, 0, 255, 255, 0, 255, 255, 0, 255, 255, 0, 255, 255, 0, 255, 255, 0, 255, 255, 0, 255, 255, 0, 230, 230, 0, 159, 159, 0, 152, 152, 0, 188, 188, 0, 253, 253, 0, 
255, 255, 0, 255, 255, 0, 255, 255, 0, 255, 255, 0, 255, 255, 0, 255, 255, 0, 255, 255, 0, 255, 255, 0, 255, 255, 0, 255, 255, 0, 255, 255, 0, 255, 255, 0, 255, 255, 0, 255, 255, 0, 255, 255, 0, 255, 255, 0, 255, 255, 0, 255, 255, 0, 
255, 255, 0, 255, 255, 0, 255, 255, 0, 255, 255, 0, 255, 255, 0, 255, 255, 0, 255, 255, 0, 255, 255, 0, 255, 255, 0, 255, 255, 0, 255, 255, 0, 255, 255, 0, 255, 255, 0, 255, 255, 0, 255, 255, 0, 255, 255, 0, 255, 255, 0, 255, 255, 0, 
255, 255, 0, 255, 255, 0, 255, 255, 0, 255, 255, 0, 255, 255, 0, 255, 255, 0, 255, 255, 0, 255, 255, 0, 255, 255, 0, 255, 255, 0, 255, 255, 0, 255, 255, 0, 255, 255, 0, 255, 255, 0, 255, 255, 0, 255, 255, 0, 255, 255, 0, 255, 255, 0, 
255, 255, 0, 255, 255, 0, 255, 255, 0, 255, 255, 0, 255, 255, 0, 255, 255, 0, 255, 255, 0, 255, 255, 0, 255, 255, 0, 255, 255, 0, 255, 255, 0, 255, 255, 0, 255, 255, 0, 255, 255, 0, 255, 255, 0, 255, 255, 0, 255, 255, 0, 255, 255, 0, 
255, 255, 0, 255, 255, 0, 255, 255, 0, 255, 255, 0, 255, 255, 0, 255, 255, 0, 255, 255, 0, 255, 255, 0, 255, 255, 0, 255, 255, 0, 255, 255, 0, 255, 255, 0, 255, 255, 0, 255, 255, 0, 255, 255, 0, 255, 255, 0, 255, 255, 0, 255, 255, 0, 
255, 255, 0, 255, 255, 0, 255, 255, 0, 255, 255, 0, 255, 255, 0, 255, 255, 0, 255, 255, 0, 255, 255, 0, 255, 255, 0, 255, 255, 0, 255, 255, 0, 255, 255, 0, 255, 255, 0, 255, 255, 0, 255, 255, 0, 255, 255, 0, 255, 255, 0, 255, 255, 0, 
255, 255, 0, 255, 255, 0, 255, 255, 0, 255, 255, 0, 255, 255, 0, 255, 255, 0, 255, 255, 0, 255, 255, 0, 255, 255, 0, 255, 255, 0, 255, 255, 0, 255, 255, 0, 255, 255, 0, 255, 255, 0, 255, 255, 0, 255, 255, 0, 255, 255, 0, 255, 255, 0, 
