255, 255, 0, 255, 255, 0, 255, 255, 0, 255, 255, 0, 255, 255, 0, 255, 255, 0, 255, 255, 0, 255, 255, 0, 255, 255, 0, 255, 255, 0, 255, 255, 0, 255, 255, 0, 255, 255, 0, 255, 255, 0, 255, 255, 0, 255, 255, 0, 255, 255, 0, 255, 255, 0, 
255, 255, 0, 255, 255, 0, 255, 255, 0, 255, 255, 0, 255, 255, 0, 255, 255, 0, 255, 255, 0, 255, 255, 0, 255, 255, 0, 255, 255, 0, 255, 255, 0, 255, 255, 0, 255, 255, 0, 255, 255, 0, 255, 255, 0, 255, 255, 0, 255, 255, 0, 255, 255, 0, 
255, 255, 0, 255, 255, 0, 255, 255, 0, 255, 255, 0, 255, 255, 0, 255, 255, 0, 255, 255, 0, 255, 255, 0, 255, 255, 0, 255, 255, 0, 255, 255, 0, 255, 255, 0, 255, 255, 0, 255, 255, 0, 255, 255, 0, 255, 255, 0, 255, 255, 0, 255, 255, 0, 
255, 255, 0, 255, 255, 0, 255, 255, 0, 255, 255, 0, 255, 255, 0, 255, 255, 0, 255, 255, 0, 255, 255, 0, 255, 255, 0, 255, 255, 0, 255, 255, 0, 255, 255, 0, 255, 255, 0, 255, 255, 0, 255, 255, 0, 255, 255, 0, 255, 255, 0, 255, 255, 0, 
255, 255, 0, 255, 255, 0, 255, 255, 0, 255, 255, 0, 255, 255, 0, 255, 255, 0, 255, 255, 0, 255, 255, 0, 255, 255, 0, 255, 255, 0, 255, 255, 0, 255, 255, 0, 255, 255, 0, 255, 255, 0, 255, 255, 0, 255, 255, 0, 255, 255, 0, 255, 255, 0, 
255, 255, 0, 255, 255, 0, 252, 252, 0, 209, 209, 0, 155, 155, 0, 155, 155, 0, 207, 207, 0, 252, 252, 0, 255, 255, 0, 255, 255, 0, 255, 255, 0, 255, 255, 0, 255, 255, 0, 249, 249, 0, 219, 219, 0, 213, 213, 0, 238, 238, 0, 255, 255, 0, 
255, 255, 0, 251, 251, 0, 148, 148, 0, 24, 24, 0, 0, 0, 0, 0, 0, 0, 23, 23, 0, 142, 142, 0, 250, 250, 0, 255, 255, 0, 255, 255, 0, 255, 255, 0, 255, 255, 0, 175, 175, 0, 28, 28, 0, 40, 40, 0, 205, 205, 0, 255, 255, 0, 
255, 255, 0, 181, 181, 0, 15, 15, 0, 23, 23, 0, 124, 124, 0, 111, 111, 0, 14, 14, 0, 13, 13, 0, 176, 176, 0, 255, 255, 0, 255, 255, 0, 255, 255, 0, 237, 237, 0, 65, 65, 0, 0, 0, 0, 105, 105, 0, 251, 251, 0, 255, 255, 0, 
249, 249, 0, 86, 86, 0, 0, 0, 0, 141, 141, 0, 255, 255, 0, 253, 253, 0, 117, 117, 0, 0, 0, 0, 80, 80, 0, 249, 249, 0, 255, 255, 0, 255, 255, 0, 153, 153, 0, 2, 2, 0, 31, 31, 0, 211, 211, 0, 255, 255, 0, 255, 255, 0, 
228, 228, 0, 41, 41, 0, 10, 10, 0, 198, 198, 0, 255, 255, 0, 255, 255, 0, 177, 177, 0, 3, 3, 0, 37, 37, 0, 229, 229, 0, 255, 255, 0, 226, 226, 0, 47, 47, 0, 0, 0, 0, 130, 130, 0, 255, 255, 0, 255, 255, 0, 255, 255, 0, 
223, 223, 0, 34, 34, 0, 14, 14, 0, 205, 205, 0, 255, 255, 0, 255, 255, 0, 186, 186, 0, 6, 6, 0, 28, 28, 0, 222, 222, 0, 255, 255, 0, 131, 131, 0, 0, 0, 0, 47, 47, 0, 226, 226, 0, 255, 255, 0, 255, 255, 0, 255, 255, 0, 
238, 238, 0, 57, 57, 0, 3, 3, 0, 178, 178, 0, 255, 255, 0, 255, 255, 0, 157, 157, 0, 0, 0, 0, 47, 47, 0, 238, 238, 0, 213, 213, 0, 32, 32, 0, 3, 3, 0, 154, 154, 0, 255, 255, 0, 255, 255, 0, 255, 255, 0, 255, 255, 0, 
255, 255, 0, 128, 128, 0, 0, 0, 0, 75, 75, 0, 217, 217, 0, 212, 212, 0, 62, 62, 0, 0, 0, 0, 111, 111, 0, 251, 251, 0, 109, 109, 0, 0, 0, 0, 66, 66, 0, 238, 238, 0, 255, 255, 0, 255, 255, 0, 255, 255, 0, 255, 255, 0, 
255, 255, 0, 226, 226, 0, 64, 64, 0, 0, 0, 0, 27, 27, 0, 26, 26, 0, 0, 0, 0, 51, 51, 0, 219, 219, 0, 197, 197, 0, 20, 20, 0, 10, 10, 0, 176, 176, 0, 255, 255, 0, 255, 255, 0, 255, 255, 0, 255, 255, 0, 255, 255, 0, 
255, 255, 0, 255, 255, 0, 221, 221, 0, 111, 111, 0, 47, 47, 0, 46, 46, 0, 102, 102, 0, 213, 213, 0, 247, 247, 0, 87, 87, 0, 0, 0, 0, 88, 88, 0, 247, 247, 0, 255, 255, 0, 255, 255, 0, 255, 255, 0, 255, 255, 0, 255, 255, 0, 
255, 255, 0, 255, 255, 0, 255, 255, 0, 252, 252, 0, 238, 238, 0, 238, 238, 0, 252, 252, 0, 255, 255, 0, 176, 176, 0, 10, 10, 0, 21, 21, 0, 197, 197, 0, 255, 255, 0, 255, 255, 0, 255, 255, 0, 255, 255, 0, 255, 255, 0, 255, 255, 0, 
255, 255, 0, 255, 255, 0, 255, 255, 0, 255, 255, 0, 255, 255, 0, 255, 255, 0, 255, 255, 0, 238, 238, 0, 67, 67, 0, 0, 0, 0, 111, 111, 0, 253, 253, 0, 255, 255, 0, 255, 255, 0, 255, 255, 0, 255, 255, 0, 255, 255, 0, 255, 255, 0, 
255, 255, 0, 255, 255, 0, 255, 255, 0, 255, 255, 0, 255, 255, 0, 255, 255, 0, 255, 255, 0, 155, 155, 0, 3, 3, 0, 35, 35, 0, 215, 215, 0, 255, 255, 0, 255, 255, 0, 255, 255, 0, 255, 255, 0, 255, 255, 0, 255, 255, 0, 255, 255, 0, 
255, 255, 0, 255, 255, 0, 255, 255, 0, 255, 255, 0, 255, 255, 0, 255, 255, 0, 227, 227, 0, 49, 49, 0, 0, 0, 0, 135, 135, 0, 255, 255, 0, 255, 255, 0, 255, 255, 0, 255, 255, 0, 255, 255, 0, 255, 255, 0, 255, 255, 0, 255, 255, 0, 
255, 255, 0, 255, 255, 0, 255, 255, 0, 255, 255, 0, 255, 255, 0, 255, 255, 0, 133, 133, 0, 0, 0, 0, 51, 51, 0, 229, 229, 0, 255, 255, 0, 210, 210, 0, 134, 134, 0, 112, 112, 0, 157, 157, 0, 235, 235, 0, 255, 255, 0, 255, 255, 0, 
255, 255, 0, 255, 255, 0, 255, 255, 0, 255, 255, 0, 255, 255, 0, 214, 214, 0, 33, 33, 0, 4, 4, 0, 159, 159, 0, 255, 255, 0, 175, 175, 0, 32, 32, 0, 0, 0, 0, 0, 0, 0, 2, 2, 0, 74, 74, 0, 224, 224, 0, 255, 255, 0, 
255, 255, 0, 255, 255, 0, 255, 255, 0, 255, 255, 0, 252, 252, 0, 111, 111, 0, 0, 0, 0, 71, 71, 0, 242, 242, 0, 219, 219, 0, 39, 39, 0, 11, 11, 0, 122, 122, 0, 169, 169, 0, 65, 65, 0, 0, 0, 0, 102, 102, 0, 249, 249, 0, 
255, 255, 0, 255, 255, 0, 255, 255, 0, 255, 255, 0, 197, 197, 0, 21, 21, 0, 12, 12, 0, 181, 181, 0, 255, 255, 0, 141, 141, 0, 0, 0, 0, 90, 90, 0, 249, 249, 0, 255, 255, 0, 206, 206, 0, 23, 23, 0, 24, 24, 0, 204, 204, 0, 
255, 255, 0, 255, 255, 0, 255, 255, 0, 247, 247, 0, 89, 89, 0, 0, 0, 0, 93, 93, 0, 248, 248, 0, 255, 255, 0, 94, 94, 0, 0, 0, 0, 141, 141, 0, 255, 255, 0, 255, 255, 0, 243, 243, 0, 60, 60, 0, 2, 2, 0, 163, 163, 0, 
255, 255, 0, 255, 255, 0, 255, 255, 0, 178, 178, 0, 11, 11, 0, 23, 23, 0, 201, 201, 0, 255, 255, 0, 253, 253, 0, 90, 90, 0, 0, 0, 0, 143, 143, 0, 255, 255, 0, 255, 255, 0, 245, 245, 0, 63, 63, 0, 2, 2, 0, 161, 161, 0, 
255, 255, 0, 255, 255, 0, 239, 239, 0, 68, 68, 0, 0, 0, 0, 116, 116, 0, 253, 253, 0, 255, 255, 0, 255, 255, 0, 130, 130, 0, 0, 0, 0, 98, 98, 0, 252, 252, 0, 255, 255, 0, 221, 221, 0, 33, 33, 0, 18, 18, 0, 198, 198, 0, 
255, 255, 0, 255, 255, 0, 157, 157, 0, 3, 3, 0, 38, 38, 0, 218, 218, 0, 255, 255, 0, 255, 255, 0, 255, 255, 0, 205, 205, 0, 25, 25, 0, 16, 16, 0, 145, 145, 0, 200, 200, 0, 95, 95, 0, 0, 0, 0, 84, 84, 0, 245, 245, 0, 
255, 255, 0, 228, 228, 0, 49, 49, 0, 0, 0, 0, 140, 140, 0, 255, 255, 0, 255, 255, 0, 255, 255, 0, 255, 255, 0, 254, 254, 0, 149, 149, 0, 16, 16, 0, 2, 2, 0, 9, 9, 0, 0, 0, 0, 52, 52, 0, 209, 209, 0, 255, 255, 0, 
255, 255, 0, 226, 226, 0, 157, 157, 0, 163, 163, 0, 236, 236, 0, 255, 255, 0, 255, 255, 0, 255, 255, 0, 255, 255, 0, 255, 255, 0, 251, 251, 0, 186, 186, 0, 104, 104, 0, 83, 83, 0, 129, 129, 0, 220, 220, 0, 255, 255, 0, 255, 255, 0, 
255, 255, 0, 255, 255, 0, 255, 255, 0, 255, 255, 0, 255, 255, 0, 255, 255, 0, 255, 255, 0, 255, 255, 0, 255, 255, 0, 255, 255, 0, 255, 255, 0, 255, 255, 0, 254, 254, 0, 252, 252, 0, 255, 255, 0, 255, 255, 0, 255, 255, 0, 255, 255, 0, 
255, 255, 0, 255, 255, 0, 255, 255, 0, 255, 255, 0, 255, 255, 0, 255, 255, 0, 255, 255, 0, 255, 255, 0, 255, 255, 0, 255, 255, 0, 255, 255, 0, 255, 255, 0, 255, 255, 0, 255, 255, 0, 255, 255, 0, 255, 255, 0, 255, 255, 0, 255, 255, 0, 
255, 255, 0, 255, 255, 0, 255, 255, 0, 255, 255, 0, 255, 255, 0, 255, 255, 0, 255, 255, 0, 255, 255, 0, 255, 255, 0, 255, 255, 0, 255, 255, 0, 255, 255, 0, 255, 255, 0, 255, 255, 0, 255, 255, 0, 255, 255, 0, 255, 255, 0, 255, 255, 0, 
255, 255, 0, 255, 255, 0, 255, 255, 0, 255, 255, 0, 255, 255, 0, 255, 255, 0, 255, 255, 0, 255, 255, 0, 255, 255, 0, 255, 255, 0, 255, 255, 0, 255, 255, 0, 255, 255, 0, 255, 255, 0, 255, 255, 0, 255, 255, 0, 255, 255, 0, 255, 255, 0, 
255, 255, 0, 255, 255, 0, 255, 255, 0, 255, 255, 0, 255, 255, 0, 255, 255, 0, 255, 255, 0, 255, 255, 0, 255, 255, 0, 255, 255, 0, 255, 255, 0, 255, 255, 0, 255, 255, 0, 255, 255, 0, 255, 255, 0, 255, 255, 0, 255, 255, 0, 255, 255, 0, 
255, 255, 0, 255, 255, 0, 255, 255, 0, 255, 255, 0, 255, 255, 0, 255, 255, 0, 255, 255, 0, 255, 255, 0, 255, 255, 0, 255, 255, 0, 255, 255, 0, 255, 255, 0, 255, 255, 0, 255, 255, 0, 255, 255, 0, 255, 255, 0, 255, 255, 0, 255, 255, 0, 
255, 255, 0, 255, 255, 0, 255, 255, 0, 255, 255, 0, 255, 255, 0, 255, 255, 0, 255, 255, 0, 255, 255, 0, 255, 255, 0, 255, 255, 0, 255, 255, 0, 255, 255, 0, 255, 255, 0, 255, 255, 0, 255, 255, 0, 255, 255, 0, 255, 255, 0, 255, 255, 0, 
