255, 255, 0, 255, 255, 0, 255, 255, 0, 255, 255, 0, 255, 255, 0, 255, 255, 0, 255, 255, 0, 255, 255, 0, 255, 255, 0, 255, 255, 0, 255, 255, 0, 255, 255, 0, 255, 255, 0, 255, 255, 0, 255, 255, 0, 255, 255, 0, 255, 255, 0, 255, 255, 0, 
255, 255, 0, 255, 255, 0, 255, 255, 0, 255, 255, 0, 255, 255, 0, 255, 255, 0, 255, 255, 0, 255, 255, 0, 255, 255, 0, 255, 255, 0, 255, 255, 0, 255, 255, 0, 255, 255, 0, 255, 255, 0, 255, 255, 0, 255, 255, 0, 255, 255, 0, 255, 255, 0, 
255, 255, 0, 255, 255, 0, 255, 255, 0, 255, 255, 0, 255, 255, 0, 255, 255, 0, 255, 255, 0, 255, 255, 0, 255, 255, 0, 255, 255, 0, 255, 255, 0, 255, 255, 0, 255, 255, 0, 255, 255, 0, 255, 255, 0, 255, 255, 0, 255, 255, 0, 255, 255, 0, 
255, 255, 0, 255, 255, 0, 255, 255, 0, 255, 255, 0, 255, 255, 0, 255, 255, 0, 255, 255, 0, 255, 255, 0, 255, 255, 0, 255, 255, 0, 255, 255, 0, 255, 255, 0, 255, 255, 0, 255, 255, 0, 255, 255, 0, 255, 255, 0, 255, 255, 0, 255, 255, 0, 
255, 255, 0, 255, 255, 0, 255, 255, 0, 255, 255, 0, 255, 255, 0, 255, 255, 0, 255, 255, 0, 255, 255, 0, 255, 255, 0, 255, 255, 0, 255, 255, 0, 255, 255, 0, 255, 255, 0, 255, 255, 0, 255, 255, 0, 255, 255, 0, 255, 255, 0, 255, 255, 0, 
255, 255, 0, 255, 255, 0, 255, 255, 0, 255, 255, 0, 255, 255, 0, 255, 255, 0, 255, 255, 0, 255, 255, 0, 255, 255, 0, 255, 255, 0, 255, 255, 0, 255, 255, 0, 255, 255, 0, 255, 255, 0, 255, 255, 0, 255, 255, 0, 255, 255, 0, 255, 255, 0, 
255, 255, 0, 255, 255, 0, 255, 255, 0, 255, 255, 0, 255, 255, 0, 255, 255, 0, 255, 255, 0, 255, 255, 0, 255, 255, 0, 255, 255, 0, 255, 255, 0, 255, 255, 0, 255, 255, 0, 255, 255, 0, 255, 255, 0, 255, 255, 0, 255, 255, 0, 255, 255, 0, 
255, 255, 0, 255, 255, 0, 255, 255, 0, 255, 255, 0, 255, 255, 0, 255, 255, 0, 255, 255, 0, 255, 255, 0, 255, 255, 0, 255, 255, 0, 255, 255, 0, 255, 255, 0, 255, 255, 0, 255, 255, 0, 255, 255, 0, 255, 255, 0, 255, 255, 0, 255, 255, 0, 
255, 255, 0, 255, 255, 0, 255, 255, 0, 255, 255, 0, 255, 255, 0, 255, 255, 0, 255, 255, 0, 255, 255, 0, 255, 255, 0, 255, 255, 0, 255, 255, 0, 255, 255, 0, 255, 255, 0, 255, 255, 0, 255, 255, 0, 255, 255, 0, 255, 255, 0, 255, 255, 0, 
255, 255, 0, 255, 255, 0, 255, 255, 0, 255, 255, 0, 255, 255, 0, 255, 255, 0, 255, 255, 0, 255, 255, 0, 255, 255, 0, 255, 255, 0, 255, 255, 0, 255, 255, 0, 255, 255, 0, 255, 255, 0, 255, 255, 0, 255, 255, 0, 255, 255, 0, 255, 255, 0, 
255, 255, 0, 255, 255, 0, 255, 255, 0, 255, 255, 0, 255, 255, 0, 255, 255, 0, 255, 255, 0, 255, 255, 0, 255, 255, 0, 255, 255, 0, 255, 255, 0, 255, 255, 0, 255, 255, 0, 255, 255, 0, 255, 255, 0, 255, 255, 0, 255, 255, 0, 255, 255, 0, 
255, 255, 0, 252, 252, 0, 218, 218, 0, 208, 208, 0, 222, 222, 0, 254, 254, 0, 255, 255, 0, 233, 233, 0, 181, 181, 0, 149, 149, 0, 154, 154, 0, 190, 190, 0, 237, 237, 0, 255, 255, 0, 255, 255, 0, 255, 255, 0, 255, 255, 0, 255, 255, 0, 
255, 255, 0, 239, 239, 0, 64, 64, 0, 12, 12, 0, 85, 85, 0, 243, 243, 0, 163, 163, 0, 49, 49, 0, 4, 4, 0, 0, 0, 0, 0, 0, 0, 10, 10, 0, 58, 58, 0, 170, 170, 0, 250, 250, 0, 255, 255, 0, 255, 255, 0, 255, 255, 0, 
255, 255, 0, 238, 238, 0, 48, 48, 0, 0, 0, 0, 66, 66, 0, 125, 125, 0, 10, 10, 0, 26, 26, 0, 63, 63, 0, 63, 63, 0, 28, 28, 0, 2, 2, 0, 0, 0, 0, 14, 14, 0, 145, 145, 0, 253, 253, 0, 255, 255, 0, 255, 255, 0, 
255, 255, 0, 238, 238, 0, 48, 48, 0, 0, 0, 0, 15, 15, 0, 18, 18, 0, 111, 111, 0, 217, 217, 0, 246, 246, 0, 245, 245, 0, 217, 217, 0, 122, 122, 0, 14, 14, 0, 0, 0, 0, 19, 19, 0, 186, 186, 0, 255, 255, 0, 255, 255, 0, 
255, 255, 0, 238, 238, 0, 48, 48, 0, 0, 0, 0, 0, 0, 0, 97, 97, 0, 246, 246, 0, 255, 255, 0, 255, 255, 0, 255, 255, 0, 255, 255, 0, 252, 252, 0, 135, 135, 0, 4, 4, 0, 0, 0, 0, 79, 79, 0, 246, 246, 0, 255, 255, 0, 
255, 255, 0, 238, 238, 0, 48, 48, 0, 0, 0, 0, 15, 15, 0, 196, 196, 0, 255, 255, 0, 255, 255, 0, 255, 255, 0, 255, 255, 0, 255, 255, 0, 255, 255, 0, 236, 236, 0, 58, 58, 0, 0, 0, 0, 18, 18, 0, 203, 203, 0, 255, 255, 0, 
255, 255, 0, 238, 238, 0, 48, 48, 0, 0, 0, 0, 49, 49, 0, 237, 237, 0, 255, 255, 0, 255, 255, 0, 255, 255, 0, 255, 255, 0, 255, 255, 0, 255, 255, 0, 255, 255, 0, 133, 133, 0, 0, 0, 0, 0, 0, 0, 152, 152, 0, 255, 255, 0, 
255, 255, 0, 238, 238, 0, 48, 48, 0, 0, 0, 0, 68, 68, 0, 247, 247, 0, 255, 255, 0, 255, 255, 0, 255, 255, 0, 255, 255, 0, 255, 255, 0, 255, 255, 0, 255, 255, 0, 182, 182, 0, 7, 7, 0, 0, 0, 0, 117, 117, 0, 255, 255, 0, 
255, 255, 0, 238, 238, 0, 48, 48, 0, 0, 0, 0, 72, 72, 0, 249, 249, 0, 255, 255, 0, 255, 255, 0, 255, 255, 0, 255, 255, 0, 255, 255, 0, 255, 255, 0, 255, 255, 0, 205, 205, 0, 16, 16, 0, 0, 0, 0, 102, 102, 0, 255, 255, 0, 
255, 255, 0, 238, 238, 0, 48, 48, 0, 0, 0, 0, 72, 72, 0, 249, 249, 0, 255, 255, 0, 255, 255, 0, 255, 255, 0, 255, 255, 0, 255, 255, 0, 255, 255, 0, 255, 255, 0, 212, 212, 0, 21, 21, 0, 0, 0, 0, 103, 103, 0, 255, 255, 0, 
255, 255, 0, 238, 238, 0, 48, 48, 0, 0, 0, 0, 71, 71, 0, 248, 248, 0, 255, 255, 0, 255, 255, 0, 255, 255, 0, 255, 255, 0, 255, 255, 0, 255, 255, 0, 255, 255, 0, 205, 205, 0, 16, 16, 0, 0, 0, 0, 119, 119, 0, 255, 255, 0, 
255, 255, 0, 238, 238, 0, 48, 48, 0, 0, 0, 0, 57, 57, 0, 242, 242, 0, 255, 255, 0, 255, 255, 0, 255, 255, 0, 255, 255, 0, 255, 255, 0, 255, 255, 0, 255, 255, 0, 174, 174, 0, 5, 5, 0, 0, 0, 0, 152, 152, 0, 255, 255, 0, 
255, 255, 0, 238, 238, 0, 48, 48, 0, 0, 0, 0, 28, 28, 0, 217, 217, 0, 255, 255, 0, 255, 255, 0, 255, 255, 0, 255, 255, 0, 255, 255, 0, 255, 255, 0, 253, 253, 0, 107, 107, 0, 0, 0, 0, 18, 18, 0, 202, 202, 0, 255, 255, 0, 
255, 255, 0, 238, 238, 0, 48, 48, 0, 0, 0, 0, 2, 2, 0, 143, 143, 0, 255, 255, 0, 255, 255, 0, 255, 255, 0, 255, 255, 0, 255, 255, 0, 255, 255, 0, 191, 191, 0, 24, 24, 0, 0, 0, 0, 75, 75, 0, 245, 245, 0, 255, 255, 0, 
255, 255, 0, 238, 238, 0, 48, 48, 0, 0, 0, 0, 0, 0, 0, 27, 27, 0, 167, 167, 0, 246, 246, 0, 255, 255, 0, 255, 255, 0, 245, 245, 0, 177, 177, 0, 42, 42, 0, 0, 0, 0, 13, 13, 0, 178, 178, 0, 255, 255, 0, 255, 255, 0, 
255, 255, 0, 238, 238, 0, 48, 48, 0, 0, 0, 0, 31, 31, 0, 38, 38, 0, 10, 10, 0, 71, 71, 0, 114, 114, 0, 109, 109, 0, 65, 65, 0, 13, 13, 0, 0, 0, 0, 4, 4, 0, 120, 120, 0, 250, 250, 0, 255, 255, 0, 255, 255, 0, 
255, 255, 0, 238, 238, 0, 48, 48, 0, 0, 0, 0, 65, 65, 0, 192, 192, 0, 63, 63, 0, 2, 2, 0, 0, 0, 0, 0, 0, 0, 0, 0, 0, 0, 0, 0, 21, 21, 0, 129, 129, 0, 243, 243, 0, 255, 255, 0, 255, 255, 0, 255, 255, 0, 
255, 255, 0, 238, 238, 0, 48, 48, 0, 0, 0, 0, 65, 65, 0, 246, 246, 0, 235, 235, 0, 158, 158, 0, 93, 93, 0, 68, 68, 0, 78, 78, 0, 125, 125, 0, 202, 202, 0, 251, 251, 0, 255, 255, 0, 255, 255, 0, 255, 255, 0, 255, 255, 0, 
255, 255, 0, 238, 238, 0, 48, 48, 0, 0, 0, 0, 65, 65, 0, 246, 246, 0, 255, 255, 0, 255, 255, 0, 253, 253, 0, 248, 248, 0, 250, 250, 0, 255, 255, 0, 255, 255, 0, 255, 255, 0, 255, 255, 0, 255, 255, 0, 255, 255, 0, 255, 255, 0, 
255, 255, 0, 238, 238, 0, 48, 48, 0, 0, 0, 0, 65, 65, 0, 246, 246, 0, 255, 255, 0, 255, 255, 0, 255, 255, 0, 255, 255, 0, 255, 255, 0, 255, 255, 0, 255, 255, 0, 255, 255, 0, 255, 255, 0, 255, 255, 0, 255, 255, 0, 255, 255, 0, 
255, 255, 0, 238, 238, 0, 48, 48, 0, 0, 0, 0, 65, 65, 0, 246, 246, 0, 255, 255, 0, 255, 255, 0, 255, 255, 0, 255, 255, 0, 255, 255, 0, 255, 255, 0, 255, 255, 0, 255, 255, 0, 255, 255, 0, 255, 255, 0, 255, 255, 0, 255, 255, 0, 
255, 255, 0, 238, 238, 0, 48, 48, 0, 0, 0, 0, 65, 65, 0, 246, 246, 0, 255, 255, 0, 255, 255, 0, 255, 255, 0, 255, 255, 0, 255, 255, 0, 255, 255, 0, 255, 255, 0, 255, 255, 0, 255, 255, 0, 255, 255, 0, 255, 255, 0, 255, 255, 0, 
255, 255, 0, 238, 238, 0, 48, 48, 0, 0, 0, 0, 65, 65, 0, 246, 246, 0, 255, 255, 0, 255, 255, 0, 255, 255, 0, 255, 255, 0, 255, 255, 0, 255, 255, 0, 255, 255, 0, 255, 255, 0, 255, 255, 0, 255, 255, 0, 255, 255, 0, 255, 255, 0, 
255, 255, 0, 248, 248, 0, 173, 173, 0, 151, 151, 0, 180, 180, 0, 251, 251, 0, 255, 255, 0, 255, 255, 0, 255, 255, 0, 255, 255, 0, 255, 255, 0, 255, 255, 0, 255, 255, 0, 255, 255, 0, 255, 255, 0, 255, 255, 0, 255, 255, 0, 255, 255, 0, 
255, 255, 0, 255, 255, 0, 255, 255, 0, 255, 255, 0, 255, 255, 0, 255, 255, 0, 255, 255, 0, 255, 255, 0, 255, 255, 0, 255, 255, 0, 255, 255, 0, 255, 255, 0, 255, 255, 0, 255, 255, 0, 255, 255, 0, 255, 255, 0, 255, 255, 0, 255, 255, 0, 
