255, 255, 0, 255, 255, 0, 255, 255, 0, 255, 255, 0, 255, 255, 0, 255, 255, 0, 255, 255, 0, 255, 255, 0, 255, 255, 0, 255, 255, 0, 255, 255, 0, 255, 255, 0, 255, 255, 0, 255, 255, 0, 255, 255, 0, 255, 255, 0, 255, 255, 0, 255, 255, 0, 
255, 255, 0, 255, 255, 0, 255, 255, 0, 255, 255, 0, 255, 255, 0, 255, 255, 0, 255, 255, 0, 255, 255, 0, 255, 255, 0, 255, 255, 0, 255, 255, 0, 255, 255, 0, 255, 255, 0, 255, 255, 0, 255, 255, 0, 255, 255, 0, 255, 255, 0, 255, 255, 0, 
255, 255, 0, 255, 255, 0, 255, 255, 0, 255, 255, 0, 255, 255, 0, 255, 255, 0, 255, 255, 0, 255, 255, 0, 255, 255, 0, 255, 255, 0, 255, 255, 0, 255, 255, 0, 255, 255, 0, 255, 255, 0, 255, 255, 0, 255, 255, 0, 255, 255, 0, 255, 255, 0, 
255, 255, 0, 255, 255, 0, 255, 255, 0, 255, 255, 0, 255, 255, 0, 255, 255, 0, 255, 255, 0, 255, 255, 0, 255, 255, 0, 255, 255, 0, 255, 255, 0, 255, 255, 0, 255, 255, 0, 255, 255, 0, 255, 255, 0, 255, 255, 0, 255, 255, 0, 255, 255, 0, 
255, 255, 0, 255, 255, 0, 255, 255, 0, 255, 255, 0, 255, 255, 0, 255, 255, 0, 255, 255, 0, 255, 255, 0, 255, 255, 0, 255, 255, 0, 255, 255, 0, 255, 255, 0, 255, 255, 0, 255, 255, 0, 255, 255, 0, 255, 255, 0, 255, 255, 0, 255, 255, 0, 
255, 255, 0, 252, 252, 0, 221, 221, 0, 215, 215, 0, 216, 216, 0, 216, 216, 0, 216, 216, 0, 216, 216, 0, 216, 216, 0, 217, 217, 0, 226, 226, 0, 242, 242, 0, 254, 254, 0, 255, 255, 0, 255, 255, 0, 255, 255, 0, 255, 255, 0, 255, 255, 0, 
255, 255, 0, 235, 235, 0, 61, 61, 0, 21, 21, 0, 24, 24, 0, 24, 24, 0, 24, 24, 0, 24, 24, 0, 24, 24, 0, 25, 25, 0, 33, 33, 0, 58, 58, 0, 120, 120, 0, 210, 210, 0, 254, 254, 0, 255, 255, 0, 255, 255, 0, 255, 255, 0, 
255, 255, 0, 233, 233, 0, 42, 42, 0, 0, 0, 0, 1, 1, 0, 3, 3, 0, 3, 3, 0, 3, 3, 0, 3, 3, 0, 2, 2, 0, 0, 0, 0, 0, 0, 0, 0, 0, 0, 31, 31, 0, 164, 164, 0, 254, 254, 0, 255, 255, 0, 255, 255, 0, 
255, 255, 0, 233, 233, 0, 42, 42, 0, 0, 0, 0, 69, 69, 0, 177, 177, 0, 177, 177, 0, 177, 177, 0, 177, 177, 0, 173, 173, 0, 150, 150, 0, 85, 85, 0, 13, 13, 0, 0, 0, 0, 23, 23, 0, 188, 188, 0, 255, 255, 0, 255, 255, 0, 
255, 255, 0, 233, 233, 0, 42, 42, 0, 0, 0, 0, 99, 99, 0, 255, 255, 0, 255, 255, 0, 255, 255, 0, 255, 255, 0, 255, 255, 0, 255, 255, 0, 249, 249, 0, 158, 158, 0, 16, 16, 0, 0, 0, 0, 78, 78, 0, 246, 246, 0, 255, 255, 0, 
255, 255, 0, 233, 233, 0, 42, 42, 0, 0, 0, 0, 99, 99, 0, 255, 255, 0, 255, 255, 0, 255, 255, 0, 255, 255, 0, 255, 255, 0, 255, 255, 0, 255, 255, 0, 252, 252, 0, 104, 104, 0, 0, 0, 0, 23, 23, 0, 211, 211, 0, 255, 255, 0, 
255, 255, 0, 233, 233, 0, 42, 42, 0, 0, 0, 0, 99, 99, 0, 255, 255, 0, 255, 255, 0, 255, 255, 0, 255, 255, 0, 255, 255, 0, 255, 255, 0, 255, 255, 0, 255, 255, 0, 174, 174, 0, 4, 4, 0, 4, 4, 0, 174, 174, 0, 255, 255, 0, 
255, 255, 0, 233, 233, 0, 42, 42, 0, 0, 0, 0, 99, 99, 0, 255, 255, 0, 255, 255, 0, 255, 255, 0, 255, 255, 0, 255, 255, 0, 255, 255, 0, 255, 255, 0, 255, 255, 0, 193, 193, 0, 10, 10, 0, 0, 0, 0, 163, 163, 0, 255, 255, 0, 
255, 255, 0, 233, 233, 0, 42, 42, 0, 0, 0, 0, 99, 99, 0, 255, 255, 0, 255, 255, 0, 255, 255, 0, 255, 255, 0, 255, 255, 0, 255, 255, 0, 255, 255, 0, 255, 255, 0, 157, 157, 0, 1, 1, 0, 9, 9, 0, 189, 189, 0, 255, 255, 0, 
255, 255, 0, 233, 233, 0, 42, 42, 0, 0, 0, 0, 99, 99, 0, 255, 255, 0, 255, 255, 0, 255, 255, 0, 255, 255, 0, 255, 255, 0, 255, 255, 0, 255, 255, 0, 236, 236, 0, 68, 68, 0, 0, 0, 0, 41, 41, 0, 229, 229, 0, 255, 255, 0, 
255, 255, 0, 233, 233, 0, 42, 42, 0, 0, 0, 0, 97, 97, 0, 250, 250, 0, 250, 250, 0, 249, 249, 0, 250, 250, 0, 249, 249, 0, 241, 241, 0, 206, 206, 0, 93, 93, 0, 3, 3, 0, 0, 0, 0, 125, 125, 0, 255, 255, 0, 255, 255, 0, 
255, 255, 0, 233, 233, 0, 42, 42, 0, 0, 0, 0, 28, 28, 0, 73, 73, 0, 73, 73, 0, 73, 73, 0, 73, 73, 0, 71, 71, 0, 54, 54, 0, 21, 21, 0, 0, 0, 0, 0, 0, 0, 77, 77, 0, 231, 231, 0, 255, 255, 0, 255, 255, 0, 
255, 255, 0, 233, 233, 0, 42, 42, 0, 0, 0, 0, 0, 0, 0, 0, 0, 0, 0, 0, 0, 0, 0, 0, 0, 0, 0, 0, 0, 0, 0, 0, 0, 4, 4, 0, 34, 34, 0, 122, 122, 0, 231, 231, 0, 255, 255, 0, 255, 255, 0, 255, 255, 0, 
255, 255, 0, 233, 233, 0, 42, 42, 0, 0, 0, 0, 52, 52, 0, 135, 135, 0, 135, 135, 0, 136, 136, 0, 137, 137, 0, 139, 139, 0, 150, 150, 0, 178, 178, 0, 222, 222, 0, 253, 253, 0, 255, 255, 0, 255, 255, 0, 255, 255, 0, 255, 255, 0, 
255, 255, 0, 233, 233, 0, 42, 42, 0, 0, 0, 0, 99, 99, 0, 255, 255, 0, 255, 255, 0, 255, 255, 0, 255, 255, 0, 255, 255, 0, 255, 255, 0, 255, 255, 0, 255, 255, 0, 255, 255, 0, 255, 255, 0, 255, 255, 0, 255, 255, 0, 255, 255, 0, 
255, 255, 0, 233, 233, 0, 42, 42, 0, 0, 0, 0, 99, 99, 0, 255, 255, 0, 255, 255, 0, 255, 255, 0, 255, 255, 0, 255, 255, 0, 255, 255, 0, 255, 255, 0, 255, 255, 0, 255, 255, 0, 255, 255, 0, 255, 255, 0, 255, 255, 0, 255, 255, 0, 
255, 255, 0, 233, 233, 0, 42, 42, 0, 0, 0, 0, 99, 99, 0, 255, 255, 0, 255, 255, 0, 255, 255, 0, 255, 255, 0, 255, 255, 0, 255, 255, 0, 255, 255, 0, 255, 255, 0, 255, 255, 0, 255, 255, 0, 255, 255, 0, 255, 255, 0, 255, 255, 0, 
255, 255, 0, 233, 233, 0, 42, 42, 0, 0, 0, 0, 99, 99, 0, 255, 255, 0, 255, 255, 0, 255, 255, 0, 255, 255, 0, 255, 255, 0, 255, 255, 0, 255, 255, 0, 255, 255, 0, 255, 255, 0, 255, 255, 0, 255, 255, 0, 255, 255, 0, 255, 255, 0, 
255, 255, 0, 233, 233, 0, 42, 42, 0, 0, 0, 0, 99, 99, 0, 255, 255, 0, 255, 255, 0, 255, 255, 0, 255, 255, 0, 255, 255, 0, 255, 255, 0, 255, 255, 0, 255, 255, 0, 255, 255, 0, 255, 255, 0, 255, 255, 0, 255, 255, 0, 255, 255, 0, 
255, 255, 0, 233, 233, 0, 42, 42, 0, 0, 0, 0, 99, 99, 0, 255, 255, 0, 255, 255, 0, 255, 255, 0, 255, 255, 0, 255, 255, 0, 255, 255, 0, 255, 255, 0, 255, 255, 0, 255, 255, 0, 255, 255, 0, 255, 255, 0, 255, 255, 0, 255, 255, 0, 
255, 255, 0, 233, 233, 0, 42, 42, 0, 0, 0, 0, 99, 99, 0, 255, 255, 0, 255, 255, 0, 255, 255, 0, 255, 255, 0, 255, 255, 0, 255, 255, 0, 255, 255, 0, 255, 255, 0, 255, 255, 0, 255, 255, 0, 255, 255, 0, 255, 255, 0, 255, 255, 0, 
255, 255, 0, 233, 233, 0, 42, 42, 0, 0, 0, 0, 99, 99, 0, 255, 255, 0, 255, 255, 0, 255, 255, 0, 255, 255, 0, 255, 255, 0, 255, 255, 0, 255, 255, 0, 255, 255, 0, 255, 255, 0, 255, 255, 0, 255, 255, 0, 255, 255, 0, 255, 255, 0, 
255, 255, 0, 233, 233, 0, 42, 42, 0, 0, 0, 0, 99, 99, 0, 255, 255, 0, 255, 255, 0, 255, 255, 0, 255, 255, 0, 255, 255, 0, 255, 255, 0, 255, 255, 0, 255, 255, 0, 255, 255, 0, 255, 255, 0, 255, 255, 0, 255, 255, 0, 255, 255, 0, 
255, 255, 0, 247, 247, 0, 172, 172, 0, 153, 153, 0, 194, 194, 0, 255, 255, 0, 255, 255, 0, 255, 255, 0, 255, 255, 0, 255, 255, 0, 255, 255, 0, 255, 255, 0, 255, 255, 0, 255, 255, 0, 255, 255, 0, 255, 255, 0, 255, 255, 0, 255, 255, 0, 
255, 255, 0, 255, 255, 0, 255, 255, 0, 255, 255, 0, 255, 255, 0, 255, 255, 0, 255, 255, 0, 255, 255, 0, 255, 255, 0, 255, 255, 0, 255, 255, 0, 255, 255, 0, 255, 255, 0, 255, 255, 0, 255, 255, 0, 255, 255, 0, 255, 255, 0, 255, 255, 0, 
255, 255, 0, 255, 255, 0, 255, 255, 0, 255, 255, 0, 255, 255, 0, 255, 255, 0, 255, 255, 0, 255, 255, 0, 255, 255, 0, 255, 255, 0, 255, 255, 0, 255, 255, 0, 255, 255, 0, 255, 255, 0, 255, 255, 0, 255, 255, 0, 255, 255, 0, 255, 255, 0, 
255, 255, 0, 255, 255, 0, 255, 255, 0, 255, 255, 0, 255, 255, 0, 255, 255, 0, 255, 255, 0, 255, 255, 0, 255, 255, 0, 255, 255, 0, 255, 255, 0, 255, 255, 0, 255, 255, 0, 255, 255, 0, 255, 255, 0, 255, 255, 0, 255, 255, 0, 255, 255, 0, 
255, 255, 0, 255, 255, 0, 255, 255, 0, 255, 255, 0, 255, 255, 0, 255, 255, 0, 255, 255, 0, 255, 255, 0, 255, 255, 0, 255, 255, 0, 255, 255, 0, 255, 255, 0, 255, 255, 0, 255, 255, 0, 255, 255, 0, 255, 255, 0, 255, 255, 0, 255, 255, 0, 
255, 255, 0, 255, 255, 0, 255, 255, 0, 255, 255, 0, 255, 255, 0, 255, 255, 0, 255, 255, 0, 255, 255, 0, 255, 255, 0, 255, 255, 0, 255, 255, 0, 255, 255, 0, 255, 255, 0, 255, 255, 0, 255, 255, 0, 255, 255, 0, 255, 255, 0, 255, 255, 0, 
255, 255, 0, 255, 255, 0, 255, 255, 0, 255, 255, 0, 255, 255, 0, 255, 255, 0, 255, 255, 0, 255, 255, 0, 255, 255, 0, 255, 255, 0, 255, 255, 0, 255, 255, 0, 255, 255, 0, 255, 255, 0, 255, 255, 0, 255, 255, 0, 255, 255, 0, 255, 255, 0, 
255, 255, 0, 255, 255, 0, 255, 255, 0, 255, 255, 0, 255, 255, 0, 255, 255, 0, 255, 255, 0, 255, 255, 0, 255, 255, 0, 255, 255, 0, 255, 255, 0, 255, 255, 0, 255, 255, 0, 255, 255, 0, 255, 255, 0, 255, 255, 0, 255, 255, 0, 255, 255, 0, 
