255, 255, 0, 255, 255, 0, 255, 255, 0, 255, 255, 0, 255, 255, 0, 255, 255, 0, 255, 255, 0, 255, 255, 0, 255, 255, 0, 255, 255, 0, 255, 255, 0, 255, 255, 0, 255, 255, 0, 255, 255, 0, 255, 255, 0, 255, 255, 0, 255, 255, 0, 255, 255, 0, 
255, 255, 0, 255, 255, 0, 255, 255, 0, 255, 255, 0, 255, 255, 0, 255, 255, 0, 255, 255, 0, 255, 255, 0, 255, 255, 0, 255, 255, 0, 255, 255, 0, 255, 255, 0, 255, 255, 0, 255, 255, 0, 255, 255, 0, 255, 255, 0, 255, 255, 0, 255, 255, 0, 
255, 255, 0, 255, 255, 0, 255, 255, 0, 255, 255, 0, 255, 255, 0, 255, 255, 0, 255, 255, 0, 255, 255, 0, 255, 255, 0, 255, 255, 0, 255, 255, 0, 255, 255, 0, 255, 255, 0, 255, 255, 0, 255, 255, 0, 255, 255, 0, 255, 255, 0, 255, 255, 0, 
255, 255, 0, 255, 255, 0, 255, 255, 0, 255, 255, 0, 255, 255, 0, 255, 255, 0, 255, 255, 0, 255, 255, 0, 255, 255, 0, 255, 255, 0, 255, 255, 0, 255, 255, 0, 255, 255, 0, 255, 255, 0, 255, 255, 0, 255, 255, 0, 255, 255, 0, 255, 255, 0, 
255, 255, 0, 255, 255, 0, 255, 255, 0, 255, 255, 0, 255, 255, 0, 255, 255, 0, 255, 255, 0, 255, 255, 0, 255, 255, 0, 255, 255, 0, 255, 255, 0, 255, 255, 0, 255, 255, 0, 255, 255, 0, 255, 255, 0, 255, 255, 0, 255, 255, 0, 255, 255, 0, 
255, 255, 0, 255, 255, 0, 255, 255, 0, 255, 255, 0, 255, 255, 0, 255, 255, 0, 245, 245, 0, 209, 209, 0, 183, 183, 0, 187, 187, 0, 217, 217, 0, 249, 249, 0, 255, 255, 0, 255, 255, 0, 255, 255, 0, 255, 255, 0, 255, 255, 0, 255, 255, 0, 
255, 255, 0, 255, 255, 0, 255, 255, 0, 255, 255, 0, 253, 253, 0, 187, 187, 0, 76, 76, 0, 19, 19, 0, 4, 4, 0, 6, 6, 0, 26, 26, 0, 93, 93, 0, 209, 209, 0, 255, 255, 0, 255, 255, 0, 255, 255, 0, 255, 255, 0, 255, 255, 0, 
255, 255, 0, 255, 255, 0, 255, 255, 0, 253, 253, 0, 154, 154, 0, 20, 20, 0, 0, 0, 0, 9, 9, 0, 31, 31, 0, 26, 26, 0, 3, 3, 0, 0, 0, 0, 41, 41, 0, 198, 198, 0, 255, 255, 0, 255, 255, 0, 255, 255, 0, 255, 255, 0, 
255, 255, 0, 255, 255, 0, 255, 255, 0, 185, 185, 0, 20, 20, 0, 0, 0, 0, 64, 64, 0, 180, 180, 0, 225, 225, 0, 218, 218, 0, 137, 137, 0, 20, 20, 0, 0, 0, 0, 63, 63, 0, 234, 234, 0, 255, 255, 0, 255, 255, 0, 255, 255, 0, 
255, 255, 0, 255, 255, 0, 243, 243, 0, 72, 72, 0, 0, 0, 0, 57, 57, 0, 223, 223, 0, 255, 255, 0, 255, 255, 0, 255, 255, 0, 254, 254, 0, 151, 151, 0, 7, 7, 0, 2, 2, 0, 150, 150, 0, 255, 255, 0, 255, 255, 0, 255, 255, 0, 
255, 255, 0, 255, 255, 0, 195, 195, 0, 14, 14, 0, 3, 3, 0, 163, 163, 0, 255, 255, 0, 255, 255, 0, 255, 255, 0, 255, 255, 0, 255, 255, 0, 243, 243, 0, 75, 75, 0, 0, 0, 0, 69, 69, 0, 245, 245, 0, 255, 255, 0, 255, 255, 0, 
255, 255, 0, 255, 255, 0, 146, 146, 0, 0, 0, 0, 28, 28, 0, 219, 219, 0, 255, 255, 0, 255, 255, 0, 255, 255, 0, 255, 255, 0, 255, 255, 0, 255, 255, 0, 157, 157, 0, 0, 0, 0, 24, 24, 0, 213, 213, 0, 255, 255, 0, 255, 255, 0, 
255, 255, 0, 255, 255, 0, 119, 119, 0, 0, 0, 0, 47, 47, 0, 237, 237, 0, 255, 255, 0, 255, 255, 0, 255, 255, 0, 255, 255, 0, 255, 255, 0, 255, 255, 0, 205, 205, 0, 17, 17, 0, 4, 4, 0, 175, 175, 0, 255, 255, 0, 255, 255, 0, 
255, 255, 0, 255, 255, 0, 117, 117, 0, 0, 0, 0, 47, 47, 0, 237, 237, 0, 255, 255, 0, 255, 255, 0, 255, 255, 0, 255, 255, 0, 255, 255, 0, 255, 255, 0, 225, 225, 0, 32, 32, 0, 0, 0, 0, 142, 142, 0, 255, 255, 0, 255, 255, 0, 
255, 255, 0, 255, 255, 0, 138, 138, 0, 0, 0, 0, 28, 28, 0, 218, 218, 0, 255, 255, 0, 255, 255, 0, 255, 255, 0, 255, 255, 0, 255, 255, 0, 255, 255, 0, 230, 230, 0, 38, 38, 0, 0, 0, 0, 117, 117, 0, 255, 255, 0, 255, 255, 0, 
255, 255, 0, 255, 255, 0, 182, 182, 0, 7, 7, 0, 3, 3, 0, 158, 158, 0, 255, 255, 0, 255, 255, 0, 255, 255, 0, 255, 255, 0, 255, 255, 0, 255, 255, 0, 191, 191, 0, 18, 18, 0, 0, 0, 0, 100, 100, 0, 255, 255, 0, 255, 255, 0, 
255, 255, 0, 255, 255, 0, 233, 233, 0, 52, 52, 0, 0, 0, 0, 53, 53, 0, 223, 223, 0, 255, 255, 0, 255, 255, 0, 255, 255, 0, 255, 255, 0, 212, 212, 0, 57, 57, 0, 0, 0, 0, 0, 0, 0, 90, 90, 0, 254, 254, 0, 255, 255, 0, 
255, 255, 0, 255, 255, 0, 255, 255, 0, 157, 157, 0, 8, 8, 0, 0, 0, 0, 71, 71, 0, 189, 189, 0, 226, 226, 0, 214, 214, 0, 153, 153, 0, 43, 43, 0, 4, 4, 0, 4, 4, 0, 0, 0, 0, 87, 87, 0, 253, 253, 0, 255, 255, 0, 
255, 255, 0, 255, 255, 0, 255, 255, 0, 247, 247, 0, 122, 122, 0, 8, 8, 0, 0, 0, 0, 12, 12, 0, 31, 31, 0, 22, 22, 0, 2, 2, 0, 7, 7, 0, 98, 98, 0, 39, 39, 0, 0, 0, 0, 91, 91, 0, 254, 254, 0, 255, 255, 0, 
255, 255, 0, 255, 255, 0, 255, 255, 0, 255, 255, 0, 247, 247, 0, 160, 160, 0, 57, 57, 0, 14, 14, 0, 4, 4, 0, 12, 12, 0, 51, 51, 0, 155, 155, 0, 220, 220, 0, 39, 39, 0, 0, 0, 0, 105, 105, 0, 255, 255, 0, 255, 255, 0, 
255, 255, 0, 255, 255, 0, 255, 255, 0, 255, 255, 0, 255, 255, 0, 255, 255, 0, 238, 238, 0, 202, 202, 0, 184, 184, 0, 200, 200, 0, 235, 235, 0, 255, 255, 0, 214, 214, 0, 23, 23, 0, 0, 0, 0, 130, 130, 0, 255, 255, 0, 255, 255, 0, 
255, 255, 0, 255, 255, 0, 255, 255, 0, 255, 255, 0, 255, 255, 0, 255, 255, 0, 255, 255, 0, 255, 255, 0, 255, 255, 0, 255, 255, 0, 255, 255, 0, 255, 255, 0, 183, 183, 0, 7, 7, 0, 2, 2, 0, 166, 166, 0, 255, 255, 0, 255, 255, 0, 
255, 255, 0, 255, 255, 0, 255, 255, 0, 255, 255, 0, 255, 255, 0, 255, 255, 0, 255, 255, 0, 255, 255, 0, 255, 255, 0, 255, 255, 0, 255, 255, 0, 255, 255, 0, 129, 129, 0, 0, 0, 0, 23, 23, 0, 211, 211, 0, 255, 255, 0, 255, 255, 0, 
255, 255, 0, 255, 255, 0, 255, 255, 0, 255, 255, 0, 255, 255, 0, 255, 255, 0, 255, 255, 0, 255, 255, 0, 255, 255, 0, 255, 255, 0, 255, 255, 0, 236, 236, 0, 56, 56, 0, 0, 0, 0, 78, 78, 0, 247, 247, 0, 255, 255, 0, 255, 255, 0, 
255, 255, 0, 255, 255, 0, 255, 255, 0, 253, 253, 0, 232, 232, 0, 252, 252, 0, 255, 255, 0, 255, 255, 0, 255, 255, 0, 255, 255, 0, 254, 254, 0, 143, 143, 0, 4, 4, 0, 8, 8, 0, 169, 169, 0, 255, 255, 0, 255, 255, 0, 255, 255, 0, 
255, 255, 0, 255, 255, 0, 255, 255, 0, 193, 193, 0, 65, 65, 0, 180, 180, 0, 248, 248, 0, 255, 255, 0, 254, 254, 0, 234, 234, 0, 142, 142, 0, 19, 19, 0, 0, 0, 0, 89, 89, 0, 244, 244, 0, 255, 255, 0, 255, 255, 0, 255, 255, 0, 
255, 255, 0, 255, 255, 0, 235, 235, 0, 62, 62, 0, 0, 0, 0, 18, 18, 0, 72, 72, 0, 102, 102, 0, 92, 92, 0, 47, 47, 0, 5, 5, 0, 0, 0, 0, 66, 66, 0, 221, 221, 0, 255, 255, 0, 255, 255, 0, 255, 255, 0, 255, 255, 0, 
255, 255, 0, 255, 255, 0, 251, 251, 0, 170, 170, 0, 48, 48, 0, 3, 3, 0, 0, 0, 0, 0, 0, 0, 0, 0, 0, 0, 0, 0, 18, 18, 0, 104, 104, 0, 225, 225, 0, 255, 255, 0, 255, 255, 0, 255, 255, 0, 255, 255, 0, 255, 255, 0, 
255, 255, 0, 255, 255, 0, 255, 255, 0, 255, 255, 0, 229, 229, 0, 160, 160, 0, 104, 104, 0, 81, 81, 0, 91, 91, 0, 132, 132, 0, 200, 200, 0, 249, 249, 0, 255, 255, 0, 255, 255, 0, 255, 255, 0, 255, 255, 0, 255, 255, 0, 255, 255, 0, 
255, 255, 0, 255, 255, 0, 255, 255, 0, 255, 255, 0, 255, 255, 0, 255, 255, 0, 254, 254, 0, 252, 252, 0, 253, 253, 0, 255, 255, 0, 255, 255, 0, 255, 255, 0, 255, 255, 0, 255, 255, 0, 255, 255, 0, 255, 255, 0, 255, 255, 0, 255, 255, 0, 
255, 255, 0, 255, 255, 0, 255, 255, 0, 255, 255, 0, 255, 255, 0, 255, 255, 0, 255, 255, 0, 255, 255, 0, 255, 255, 0, 255, 255, 0, 255, 255, 0, 255, 255, 0, 255, 255, 0, 255, 255, 0, 255, 255, 0, 255, 255, 0, 255, 255, 0, 255, 255, 0, 
255, 255, 0, 255, 255, 0, 255, 255, 0, 255, 255, 0, 255, 255, 0, 255, 255, 0, 255, 255, 0, 255, 255, 0, 255, 255, 0, 255, 255, 0, 255, 255, 0, 255, 255, 0, 255, 255, 0, 255, 255, 0, 255, 255, 0, 255, 255, 0, 255, 255, 0, 255, 255, 0, 
255, 255, 0, 255, 255, 0, 255, 255, 0, 255, 255, 0, 255, 255, 0, 255, 255, 0, 255, 255, 0, 255, 255, 0, 255, 255, 0, 255, 255, 0, 255, 255, 0, 255, 255, 0, 255, 255, 0, 255, 255, 0, 255, 255, 0, 255, 255, 0, 255, 255, 0, 255, 255, 0, 
255, 255, 0, 255, 255, 0, 255, 255, 0, 255, 255, 0, 255, 255, 0, 255, 255, 0, 255, 255, 0, 255, 255, 0, 255, 255, 0, 255, 255, 0, 255, 255, 0, 255, 255, 0, 255, 255, 0, 255, 255, 0, 255, 255, 0, 255, 255, 0, 255, 255, 0, 255, 255, 0, 
255, 255, 0, 255, 255, 0, 255, 255, 0, 255, 255, 0, 255, 255, 0, 255, 255, 0, 255, 255, 0, 255, 255, 0, 255, 255, 0, 255, 255, 0, 255, 255, 0, 255, 255, 0, 255, 255, 0, 255, 255, 0, 255, 255, 0, 255, 255, 0, 255, 255, 0, 255, 255, 0, 
255, 255, 0, 255, 255, 0, 255, 255, 0, 255, 255, 0, 255, 255, 0, 255, 255, 0, 255, 255, 0, 255, 255, 0, 255, 255, 0, 255, 255, 0, 255, 255, 0, 255, 255, 0, 255, 255, 0, 255, 255, 0, 255, 255, 0, 255, 255, 0, 255, 255, 0, 255, 255, 0, 
