255, 255, 0, 255, 255, 0, 255, 255, 0, 255, 255, 0, 255, 255, 0, 255, 255, 0, 255, 255, 0, 255, 255, 0, 255, 255, 0, 255, 255, 0, 255, 255, 0, 255, 255, 0, 255, 255, 0, 255, 255, 0, 255, 255, 0, 255, 255, 0, 255, 255, 0, 255, 255, 0, 
255, 255, 0, 255, 255, 0, 255, 255, 0, 255, 255, 0, 255, 255, 0, 255, 255, 0, 255, 255, 0, 255, 255, 0, 255, 255, 0, 255, 255, 0, 255, 255, 0, 255, 255, 0, 255, 255, 0, 255, 255, 0, 255, 255, 0, 255, 255, 0, 255, 255, 0, 255, 255, 0, 
255, 255, 0, 255, 255, 0, 255, 255, 0, 255, 255, 0, 255, 255, 0, 255, 255, 0, 255, 255, 0, 255, 255, 0, 255, 255, 0, 255, 255, 0, 255, 255, 0, 255, 255, 0, 255, 255, 0, 255, 255, 0, 255, 255, 0, 255, 255, 0, 255, 255, 0, 255, 255, 0, 
255, 255, 0, 255, 255, 0, 255, 255, 0, 255, 255, 0, 255, 255, 0, 255, 255, 0, 255, 255, 0, 255, 255, 0, 255, 255, 0, 255, 255, 0, 255, 255, 0, 255, 255, 0, 255, 255, 0, 255, 255, 0, 255, 255, 0, 255, 255, 0, 255, 255, 0, 255, 255, 0, 
255, 255, 0, 255, 255, 0, 255, 255, 0, 255, 255, 0, 255, 255, 0, 255, 255, 0, 255, 255, 0, 255, 255, 0, 255, 255, 0, 255, 255, 0, 255, 255, 0, 255, 255, 0, 255, 255, 0, 255, 255, 0, 255, 255, 0, 255, 255, 0, 255, 255, 0, 255, 255, 0, 
255, 255, 0, 255, 255, 0, 255, 255, 0, 255, 255, 0, 255, 255, 0, 255, 255, 0, 255, 255, 0, 255, 255, 0, 255, 255, 0, 255, 255, 0, 255, 255, 0, 255, 255, 0, 255, 255, 0, 255, 255, 0, 255, 255, 0, 255, 255, 0, 255, 255, 0, 255, 255, 0, 
255, 255, 0, 255, 255, 0, 255, 255, 0, 255, 255, 0, 255, 255, 0, 255, 255, 0, 255, 255, 0, 255, 255, 0, 255, 255, 0, 255, 255, 0, 255, 255, 0, 255, 255, 0, 255, 255, 0, 255, 255, 0, 255, 255, 0, 255, 255, 0, 255, 255, 0, 255, 255, 0, 
255, 255, 0, 255, 255, 0, 255, 255, 0, 255, 255, 0, 255, 255, 0, 255, 255, 0, 255, 255, 0, 255, 255, 0, 255, 255, 0, 255, 255, 0, 255, 255, 0, 255, 255, 0, 255, 255, 0, 255, 255, 0, 255, 255, 0, 255, 255, 0, 255, 255, 0, 255, 255, 0, 
255, 255, 0, 255, 255, 0, 255, 255, 0, 255, 255, 0, 255, 255, 0, 255, 255, 0, 255, 255, 0, 255, 255, 0, 255, 255, 0, 255, 255, 0, 255, 255, 0, 255, 255, 0, 255, 255, 0, 255, 255, 0, 255, 255, 0, 255, 255, 0, 255, 255, 0, 255, 255, 0, 
255, 255, 0, 255, 255, 0, 255, 255, 0, 255, 255, 0, 255, 255, 0, 255, 255, 0, 255, 255, 0, 255, 255, 0, 255, 255, 0, 255, 255, 0, 255, 255, 0, 255, 255, 0, 255, 255, 0, 255, 255, 0, 255, 255, 0, 255, 255, 0, 255, 255, 0, 255, 255, 0, 
255, 255, 0, 255, 255, 0, 255, 255, 0, 255, 255, 0, 255, 255, 0, 255, 255, 0, 255, 255, 0, 255, 255, 0, 255, 255, 0, 255, 255, 0, 255, 255, 0, 255, 255, 0, 255, 255, 0, 255, 255, 0, 255, 255, 0, 255, 255, 0, 255, 255, 0, 255, 255, 0, 
255, 255, 0, 255, 255, 0, 230, 230, 0, 210, 210, 0, 214, 214, 0, 247, 247, 0, 255, 255, 0, 252, 252, 0, 213, 213, 0, 160, 160, 0, 140, 140, 0, 160, 160, 0, 213, 213, 0, 252, 252, 0, 255, 255, 0, 255, 255, 0, 255, 255, 0, 255, 255, 0, 
255, 255, 0, 255, 255, 0, 121, 121, 0, 15, 15, 0, 38, 38, 0, 215, 215, 0, 233, 233, 0, 116, 116, 0, 25, 25, 0, 1, 1, 0, 0, 0, 0, 1, 1, 0, 27, 27, 0, 138, 138, 0, 247, 247, 0, 255, 255, 0, 255, 255, 0, 255, 255, 0, 
255, 255, 0, 255, 255, 0, 110, 110, 0, 0, 0, 0, 20, 20, 0, 178, 178, 0, 75, 75, 0, 0, 0, 0, 16, 16, 0, 45, 45, 0, 39, 39, 0, 7, 7, 0, 0, 0, 0, 9, 9, 0, 157, 157, 0, 255, 255, 0, 255, 255, 0, 255, 255, 0, 
255, 255, 0, 255, 255, 0, 110, 110, 0, 0, 0, 0, 12, 12, 0, 49, 49, 0, 9, 9, 0, 95, 95, 0, 199, 199, 0, 236, 236, 0, 231, 231, 0, 146, 146, 0, 17, 17, 0, 0, 0, 0, 53, 53, 0, 235, 235, 0, 255, 255, 0, 255, 255, 0, 
255, 255, 0, 255, 255, 0, 110, 110, 0, 0, 0, 0, 0, 0, 0, 6, 6, 0, 127, 127, 0, 246, 246, 0, 255, 255, 0, 255, 255, 0, 255, 255, 0, 253, 253, 0, 116, 116, 0, 0, 0, 0, 11, 11, 0, 191, 191, 0, 255, 255, 0, 255, 255, 0, 
255, 255, 0, 255, 255, 0, 110, 110, 0, 0, 0, 0, 0, 0, 0, 79, 79, 0, 242, 242, 0, 255, 255, 0, 255, 255, 0, 255, 255, 0, 255, 255, 0, 255, 255, 0, 187, 187, 0, 9, 9, 0, 0, 0, 0, 153, 153, 0, 255, 255, 0, 255, 255, 0, 
255, 255, 0, 255, 255, 0, 110, 110, 0, 0, 0, 0, 5, 5, 0, 171, 171, 0, 255, 255, 0, 255, 255, 0, 255, 255, 0, 255, 255, 0, 255, 255, 0, 255, 255, 0, 213, 213, 0, 22, 22, 0, 0, 0, 0, 133, 133, 0, 255, 255, 0, 255, 255, 0, 
255, 255, 0, 255, 255, 0, 110, 110, 0, 0, 0, 0, 18, 18, 0, 207, 207, 0, 255, 255, 0, 255, 255, 0, 255, 255, 0, 255, 255, 0, 255, 255, 0, 255, 255, 0, 220, 220, 0, 28, 28, 0, 0, 0, 0, 125, 125, 0, 255, 255, 0, 255, 255, 0, 
255, 255, 0, 255, 255, 0, 110, 110, 0, 0, 0, 0, 22, 22, 0, 213, 213, 0, 255, 255, 0, 255, 255, 0, 255, 255, 0, 255, 255, 0, 255, 255, 0, 255, 255, 0, 221, 221, 0, 28, 28, 0, 0, 0, 0, 124, 124, 0, 255, 255, 0, 255, 255, 0, 
255, 255, 0, 255, 255, 0, 110, 110, 0, 0, 0, 0, 22, 22, 0, 213, 213, 0, 255, 255, 0, 255, 255, 0, 255, 255, 0, 255, 255, 0, 255, 255, 0, 255, 255, 0, 221, 221, 0, 28, 28, 0, 0, 0, 0, 124, 124, 0, 255, 255, 0, 255, 255, 0, 
255, 255, 0, 255, 255, 0, 110, 110, 0, 0, 0, 0, 21, 21, 0, 212, 212, 0, 255, 255, 0, 255, 255, 0, 255, 255, 0, 255, 255, 0, 255, 255, 0, 255, 255, 0, 221, 221, 0, 28, 28, 0, 0, 0, 0, 124, 124, 0, 255, 255, 0, 255, 255, 0, 
255, 255, 0, 255, 255, 0, 110, 110, 0, 0, 0, 0, 21, 21, 0, 212, 212, 0, 255, 255, 0, 255, 255, 0, 255, 255, 0, 255, 255, 0, 255, 255, 0, 255, 255, 0, 221, 221, 0, 28, 28, 0, 0, 0, 0, 124, 124, 0, 255, 255, 0, 255, 255, 0, 
255, 255, 0, 255, 255, 0, 110, 110, 0, 0, 0, 0, 21, 21, 0, 212, 212, 0, 255, 255, 0, 255, 255, 0, 255, 255, 0, 255, 255, 0, 255, 255, 0, 255, 255, 0, 221, 221, 0, 28, 28, 0, 0, 0, 0, 124, 124, 0, 255, 255, 0, 255, 255, 0, 
255, 255, 0, 255, 255, 0, 110, 110, 0, 0, 0, 0, 21, 21, 0, 212, 212, 0, 255, 255, 0, 255, 255, 0, 255, 255, 0, 255, 255, 0, 255, 255, 0, 255, 255, 0, 221, 221, 0, 28, 28, 0, 0, 0, 0, 124, 124, 0, 255, 255, 0, 255, 255, 0, 
255, 255, 0, 255, 255, 0, 110, 110, 0, 0, 0, 0, 21, 21, 0, 211, 211, 0, 255, 255, 0, 255, 255, 0, 255, 255, 0, 255, 255, 0, 255, 255, 0, 255, 255, 0, 221, 221, 0, 28, 28, 0, 0, 0, 0, 124, 124, 0, 255, 255, 0, 255, 255, 0, 
255, 255, 0, 255, 255, 0, 110, 110, 0, 0, 0, 0, 20, 20, 0, 211, 211, 0, 255, 255, 0, 255, 255, 0, 255, 255, 0, 255, 255, 0, 255, 255, 0, 255, 255, 0, 221, 221, 0, 28, 28, 0, 0, 0, 0, 124, 124, 0, 255, 255, 0, 255, 255, 0, 
255, 255, 0, 255, 255, 0, 110, 110, 0, 0, 0, 0, 20, 20, 0, 211, 211, 0, 255, 255, 0, 255, 255, 0, 255, 255, 0, 255, 255, 0, 255, 255, 0, 255, 255, 0, 221, 221, 0, 28, 28, 0, 0, 0, 0, 124, 124, 0, 255, 255, 0, 255, 255, 0, 
255, 255, 0, 255, 255, 0, 198, 198, 0, 152, 152, 0, 162, 162, 0, 238, 238, 0, 255, 255, 0, 255, 255, 0, 255, 255, 0, 255, 255, 0, 255, 255, 0, 255, 255, 0, 241, 241, 0, 165, 165, 0, 152, 152, 0, 203, 203, 0, 255, 255, 0, 255, 255, 0, 
255, 255, 0, 255, 255, 0, 255, 255, 0, 255, 255, 0, 255, 255, 0, 255, 255, 0, 255, 255, 0, 255, 255, 0, 255, 255, 0, 255, 255, 0, 255, 255, 0, 255, 255, 0, 255, 255, 0, 255, 255, 0, 255, 255, 0, 255, 255, 0, 255, 255, 0, 255, 255, 0, 
255, 255, 0, 255, 255, 0, 255, 255, 0, 255, 255, 0, 255, 255, 0, 255, 255, 0, 255, 255, 0, 255, 255, 0, 255, 255, 0, 255, 255, 0, 255, 255, 0, 255, 255, 0, 255, 255, 0, 255, 255, 0, 255, 255, 0, 255, 255, 0, 255, 255, 0, 255, 255, 0, 
255, 255, 0, 255, 255, 0, 255, 255, 0, 255, 255, 0, 255, 255, 0, 255, 255, 0, 255, 255, 0, 255, 255, 0, 255, 255, 0, 255, 255, 0, 255, 255, 0, 255, 255, 0, 255, 255, 0, 255, 255, 0, 255, 255, 0, 255, 255, 0, 255, 255, 0, 255, 255, 0, 
255, 255, 0, 255, 255, 0, 255, 255, 0, 255, 255, 0, 255, 255, 0, 255, 255, 0, 255, 255, 0, 255, 255, 0, 255, 255, 0, 255, 255, 0, 255, 255, 0, 255, 255, 0, 255, 255, 0, 255, 255, 0, 255, 255, 0, 255, 255, 0, 255, 255, 0, 255, 255, 0, 
255, 255, 0, 255, 255, 0, 255, 255, 0, 255, 255, 0, 255, 255, 0, 255, 255, 0, 255, 255, 0, 255, 255, 0, 255, 255, 0, 255, 255, 0, 255, 255, 0, 255, 255, 0, 255, 255, 0, 255, 255, 0, 255, 255, 0, 255, 255, 0, 255, 255, 0, 255, 255, 0, 
255, 255, 0, 255, 255, 0, 255, 255, 0, 255, 255, 0, 255, 255, 0, 255, 255, 0, 255, 255, 0, 255, 255, 0, 255, 255, 0, 255, 255, 0, 255, 255, 0, 255, 255, 0, 255, 255, 0, 255, 255, 0, 255, 255, 0, 255, 255, 0, 255, 255, 0, 255, 255, 0, 
255, 255, 0, 255, 255, 0, 255, 255, 0, 255, 255, 0, 255, 255, 0, 255, 255, 0, 255, 255, 0, 255, 255, 0, 255, 255, 0, 255, 255, 0, 255, 255, 0, 255, 255, 0, 255, 255, 0, 255, 255, 0, 255, 255, 0, 255, 255, 0, 255, 255, 0, 255, 255, 0, 
