255, 255, 0, 255, 255, 0, 255, 255, 0, 255, 255, 0, 255, 255, 0, 255, 255, 0, 255, 255, 0, 255, 255, 0, 255, 255, 0, 255, 255, 0, 255, 255, 0, 255, 255, 0, 255, 255, 0, 255, 255, 0, 255, 255, 0, 255, 255, 0, 255, 255, 0, 255, 255, 0, 
255, 255, 0, 255, 255, 0, 255, 255, 0, 255, 255, 0, 255, 255, 0, 255, 255, 0, 255, 255, 0, 255, 255, 0, 255, 255, 0, 255, 255, 0, 255, 255, 0, 255, 255, 0, 255, 255, 0, 255, 255, 0, 255, 255, 0, 255, 255, 0, 255, 255, 0, 255, 255, 0, 
255, 255, 0, 255, 255, 0, 255, 255, 0, 255, 255, 0, 255, 255, 0, 255, 255, 0, 255, 255, 0, 255, 255, 0, 255, 255, 0, 255, 255, 0, 255, 255, 0, 255, 255, 0, 255, 255, 0, 255, 255, 0, 255, 255, 0, 255, 255, 0, 255, 255, 0, 255, 255, 0, 
255, 255, 0, 255, 255, 0, 255, 255, 0, 255, 255, 0, 255, 255, 0, 255, 255, 0, 255, 255, 0, 255, 255, 0, 255, 255, 0, 255, 255, 0, 255, 255, 0, 255, 255, 0, 255, 255, 0, 255, 255, 0, 255, 255, 0, 255, 255, 0, 255, 255, 0, 255, 255, 0, 
255, 255, 0, 255, 255, 0, 255, 255, 0, 255, 255, 0, 255, 255, 0, 255, 255, 0, 255, 255, 0, 255, 255, 0, 231, 231, 0, 210, 210, 0, 225, 225, 0, 254, 254, 0, 255, 255, 0, 255, 255, 0, 255, 255, 0, 255, 255, 0, 255, 255, 0, 255, 255, 0, 
255, 255, 0, 255, 255, 0, 255, 255, 0, 255, 255, 0, 255, 255, 0, 255, 255, 0, 255, 255, 0, 255, 255, 0, 125, 125, 0, 13, 13, 0, 118, 118, 0, 255, 255, 0, 255, 255, 0, 255, 255, 0, 255, 255, 0, 255, 255, 0, 255, 255, 0, 255, 255, 0, 
255, 255, 0, 255, 255, 0, 255, 255, 0, 255, 255, 0, 255, 255, 0, 255, 255, 0, 255, 255, 0, 253, 253, 0, 108, 108, 0, 0, 0, 0, 116, 116, 0, 251, 251, 0, 255, 255, 0, 255, 255, 0, 255, 255, 0, 255, 255, 0, 255, 255, 0, 255, 255, 0, 
255, 255, 0, 255, 255, 0, 255, 255, 0, 255, 255, 0, 255, 255, 0, 231, 231, 0, 156, 156, 0, 85, 85, 0, 24, 24, 0, 0, 0, 0, 23, 23, 0, 74, 74, 0, 133, 133, 0, 212, 212, 0, 253, 253, 0, 255, 255, 0, 255, 255, 0, 255, 255, 0, 
255, 255, 0, 255, 255, 0, 255, 255, 0, 254, 254, 0, 185, 185, 0, 54, 54, 0, 2, 2, 0, 1, 1, 0, 3, 3, 0, 0, 0, 0, 1, 1, 0, 0, 0, 0, 0, 0, 0, 29, 29, 0, 140, 140, 0, 244, 244, 0, 255, 255, 0, 255, 255, 0, 
255, 255, 0, 255, 255, 0, 255, 255, 0, 190, 190, 0, 27, 27, 0, 2, 2, 0, 70, 70, 0, 162, 162, 0, 85, 85, 0, 0, 0, 0, 86, 86, 0, 142, 142, 0, 53, 53, 0, 2, 2, 0, 4, 4, 0, 123, 123, 0, 253, 253, 0, 255, 255, 0, 
255, 255, 0, 255, 255, 0, 244, 244, 0, 73, 73, 0, 0, 0, 0, 81, 81, 0, 236, 236, 0, 255, 255, 0, 113, 113, 0, 0, 0, 0, 124, 124, 0, 255, 255, 0, 232, 232, 0, 107, 107, 0, 12, 12, 0, 147, 147, 0, 255, 255, 0, 255, 255, 0, 
255, 255, 0, 255, 255, 0, 211, 211, 0, 21, 21, 0, 4, 4, 0, 177, 177, 0, 255, 255, 0, 255, 255, 0, 113, 113, 0, 0, 0, 0, 124, 124, 0, 255, 255, 0, 255, 255, 0, 234, 234, 0, 160, 160, 0, 244, 244, 0, 255, 255, 0, 255, 255, 0, 
255, 255, 0, 255, 255, 0, 201, 201, 0, 13, 13, 0, 5, 5, 0, 177, 177, 0, 255, 255, 0, 255, 255, 0, 113, 113, 0, 0, 0, 0, 124, 124, 0, 255, 255, 0, 255, 255, 0, 255, 255, 0, 254, 254, 0, 255, 255, 0, 255, 255, 0, 255, 255, 0, 
255, 255, 0, 255, 255, 0, 222, 222, 0, 32, 32, 0, 0, 0, 0, 83, 83, 0, 238, 238, 0, 255, 255, 0, 112, 112, 0, 0, 0, 0, 124, 124, 0, 255, 255, 0, 255, 255, 0, 255, 255, 0, 255, 255, 0, 255, 255, 0, 255, 255, 0, 255, 255, 0, 
255, 255, 0, 255, 255, 0, 252, 252, 0, 106, 106, 0, 0, 0, 0, 3, 3, 0, 87, 87, 0, 210, 210, 0, 109, 109, 0, 0, 0, 0, 124, 124, 0, 255, 255, 0, 255, 255, 0, 255, 255, 0, 255, 255, 0, 255, 255, 0, 255, 255, 0, 255, 255, 0, 
255, 255, 0, 255, 255, 0, 255, 255, 0, 224, 224, 0, 72, 72, 0, 1, 1, 0, 0, 0, 0, 28, 28, 0, 30, 30, 0, 0, 0, 0, 120, 120, 0, 255, 255, 0, 255, 255, 0, 255, 255, 0, 255, 255, 0, 255, 255, 0, 255, 255, 0, 255, 255, 0, 
255, 255, 0, 255, 255, 0, 255, 255, 0, 255, 255, 0, 231, 231, 0, 123, 123, 0, 27, 27, 0, 0, 0, 0, 0, 0, 0, 0, 0, 0, 35, 35, 0, 122, 122, 0, 201, 201, 0, 249, 249, 0, 255, 255, 0, 255, 255, 0, 255, 255, 0, 255, 255, 0, 
255, 255, 0, 255, 255, 0, 255, 255, 0, 255, 255, 0, 255, 255, 0, 252, 252, 0, 211, 211, 0, 127, 127, 0, 32, 32, 0, 0, 0, 0, 0, 0, 0, 0, 0, 0, 18, 18, 0, 93, 93, 0, 206, 206, 0, 255, 255, 0, 255, 255, 0, 255, 255, 0, 
255, 255, 0, 255, 255, 0, 255, 255, 0, 255, 255, 0, 255, 255, 0, 255, 255, 0, 255, 255, 0, 255, 255, 0, 111, 111, 0, 0, 0, 0, 45, 45, 0, 51, 51, 0, 5, 5, 0, 0, 0, 0, 34, 34, 0, 182, 182, 0, 255, 255, 0, 255, 255, 0, 
255, 255, 0, 255, 255, 0, 255, 255, 0, 255, 255, 0, 255, 255, 0, 255, 255, 0, 255, 255, 0, 255, 255, 0, 114, 114, 0, 0, 0, 0, 123, 123, 0, 237, 237, 0, 150, 150, 0, 30, 30, 0, 0, 0, 0, 45, 45, 0, 224, 224, 0, 255, 255, 0, 
255, 255, 0, 255, 255, 0, 255, 255, 0, 255, 255, 0, 255, 255, 0, 255, 255, 0, 255, 255, 0, 255, 255, 0, 114, 114, 0, 0, 0, 0, 123, 123, 0, 255, 255, 0, 255, 255, 0, 171, 171, 0, 11, 11, 0, 1, 1, 0, 162, 162, 0, 255, 255, 0, 
255, 255, 0, 255, 255, 0, 255, 255, 0, 255, 255, 0, 255, 255, 0, 255, 255, 0, 255, 255, 0, 255, 255, 0, 114, 114, 0, 0, 0, 0, 123, 123, 0, 255, 255, 0, 255, 255, 0, 235, 235, 0, 46, 46, 0, 0, 0, 0, 130, 130, 0, 255, 255, 0, 
255, 255, 0, 255, 255, 0, 255, 255, 0, 241, 241, 0, 253, 253, 0, 255, 255, 0, 255, 255, 0, 255, 255, 0, 114, 114, 0, 0, 0, 0, 123, 123, 0, 255, 255, 0, 255, 255, 0, 237, 237, 0, 48, 48, 0, 0, 0, 0, 135, 135, 0, 255, 255, 0, 
255, 255, 0, 255, 255, 0, 230, 230, 0, 106, 106, 0, 215, 215, 0, 255, 255, 0, 255, 255, 0, 255, 255, 0, 114, 114, 0, 0, 0, 0, 123, 123, 0, 255, 255, 0, 255, 255, 0, 185, 185, 0, 13, 13, 0, 9, 9, 0, 183, 183, 0, 255, 255, 0, 
255, 255, 0, 254, 254, 0, 123, 123, 0, 0, 0, 0, 65, 65, 0, 201, 201, 0, 253, 253, 0, 255, 255, 0, 114, 114, 0, 0, 0, 0, 123, 123, 0, 255, 255, 0, 209, 209, 0, 56, 56, 0, 0, 0, 0, 76, 76, 0, 242, 242, 0, 255, 255, 0, 
255, 255, 0, 254, 254, 0, 154, 154, 0, 20, 20, 0, 0, 0, 0, 24, 24, 0, 102, 102, 0, 170, 170, 0, 85, 85, 0, 0, 0, 0, 82, 82, 0, 125, 125, 0, 35, 35, 0, 0, 0, 0, 45, 45, 0, 205, 205, 0, 255, 255, 0, 255, 255, 0, 
255, 255, 0, 255, 255, 0, 253, 253, 0, 186, 186, 0, 66, 66, 0, 8, 8, 0, 0, 0, 0, 2, 2, 0, 3, 3, 0, 0, 0, 0, 0, 0, 0, 0, 0, 0, 8, 8, 0, 78, 78, 0, 207, 207, 0, 255, 255, 0, 255, 255, 0, 255, 255, 0, 
255, 255, 0, 255, 255, 0, 255, 255, 0, 255, 255, 0, 240, 240, 0, 180, 180, 0, 115, 115, 0, 72, 72, 0, 24, 24, 0, 0, 0, 0, 35, 35, 0, 108, 108, 0, 179, 179, 0, 242, 242, 0, 255, 255, 0, 255, 255, 0, 255, 255, 0, 255, 255, 0, 
255, 255, 0, 255, 255, 0, 255, 255, 0, 255, 255, 0, 255, 255, 0, 255, 255, 0, 255, 255, 0, 250, 250, 0, 107, 107, 0, 0, 0, 0, 120, 120, 0, 255, 255, 0, 255, 255, 0, 255, 255, 0, 255, 255, 0, 255, 255, 0, 255, 255, 0, 255, 255, 0, 
255, 255, 0, 255, 255, 0, 255, 255, 0, 255, 255, 0, 255, 255, 0, 255, 255, 0, 255, 255, 0, 255, 255, 0, 125, 125, 0, 14, 14, 0, 134, 134, 0, 255, 255, 0, 255, 255, 0, 255, 255, 0, 255, 255, 0, 255, 255, 0, 255, 255, 0, 255, 255, 0, 
255, 255, 0, 255, 255, 0, 255, 255, 0, 255, 255, 0, 255, 255, 0, 255, 255, 0, 255, 255, 0, 255, 255, 0, 231, 231, 0, 211, 211, 0, 233, 233, 0, 255, 255, 0, 255, 255, 0, 255, 255, 0, 255, 255, 0, 255, 255, 0, 255, 255, 0, 255, 255, 0, 
255, 255, 0, 255, 255, 0, 255, 255, 0, 255, 255, 0, 255, 255, 0, 255, 255, 0, 255, 255, 0, 255, 255, 0, 255, 255, 0, 255, 255, 0, 255, 255, 0, 255, 255, 0, 255, 255, 0, 255, 255, 0, 255, 255, 0, 255, 255, 0, 255, 255, 0, 255, 255, 0, 
255, 255, 0, 255, 255, 0, 255, 255, 0, 255, 255, 0, 255, 255, 0, 255, 255, 0, 255, 255, 0, 255, 255, 0, 255, 255, 0, 255, 255, 0, 255, 255, 0, 255, 255, 0, 255, 255, 0, 255, 255, 0, 255, 255, 0, 255, 255, 0, 255, 255, 0, 255, 255, 0, 
255, 255, 0, 255, 255, 0, 255, 255, 0, 255, 255, 0, 255, 255, 0, 255, 255, 0, 255, 255, 0, 255, 255, 0, 255, 255, 0, 255, 255, 0, 255, 255, 0, 255, 255, 0, 255, 255, 0, 255, 255, 0, 255, 255, 0, 255, 255, 0, 255, 255, 0, 255, 255, 0, 
255, 255, 0, 255, 255, 0, 255, 255, 0, 255, 255, 0, 255, 255, 0, 255, 255, 0, 255, 255, 0, 255, 255, 0, 255, 255, 0, 255, 255, 0, 255, 255, 0, 255, 255, 0, 255, 255, 0, 255, 255, 0, 255, 255, 0, 255, 255, 0, 255, 255, 0, 255, 255, 0, 
255, 255, 0, 255, 255, 0, 255, 255, 0, 255, 255, 0, 255, 255, 0, 255, 255, 0, 255, 255, 0, 255, 255, 0, 255, 255, 0, 255, 255, 0, 255, 255, 0, 255, 255, 0, 255, 255, 0, 255, 255, 0, 255, 255, 0, 255, 255, 0, 255, 255, 0, 255, 255, 0, 
