255, 255, 0, 255, 255, 0, 255, 255, 0, 255, 255, 0, 255, 255, 0, 255, 255, 0, 255, 255, 0, 255, 255, 0, 255, 255, 0, 255, 255, 0, 255, 255, 0, 255, 255, 0, 255, 255, 0, 255, 255, 0, 255, 255, 0, 255, 255, 0, 255, 255, 0, 255, 255, 0, 
255, 255, 0, 255, 255, 0, 255, 255, 0, 255, 255, 0, 255, 255, 0, 255, 255, 0, 255, 255, 0, 255, 255, 0, 255, 255, 0, 255, 255, 0, 255, 255, 0, 255, 255, 0, 255, 255, 0, 255, 255, 0, 255, 255, 0, 255, 255, 0, 255, 255, 0, 255, 255, 0, 
255, 255, 0, 255, 255, 0, 255, 255, 0, 255, 255, 0, 255, 255, 0, 255, 255, 0, 255, 255, 0, 255, 255, 0, 255, 255, 0, 255, 255, 0, 255, 255, 0, 255, 255, 0, 255, 255, 0, 255, 255, 0, 255, 255, 0, 255, 255, 0, 255, 255, 0, 255, 255, 0, 
255, 255, 0, 255, 255, 0, 255, 255, 0, 255, 255, 0, 255, 255, 0, 255, 255, 0, 255, 255, 0, 255, 255, 0, 255, 255, 0, 255, 255, 0, 255, 255, 0, 255, 255, 0, 255, 255, 0, 255, 255, 0, 255, 255, 0, 255, 255, 0, 255, 255, 0, 255, 255, 0, 
255, 255, 0, 255, 255, 0, 255, 255, 0, 255, 255, 0, 255, 255, 0, 255, 255, 0, 255, 255, 0, 255, 255, 0, 255, 255, 0, 255, 255, 0, 255, 255, 0, 255, 255, 0, 255, 255, 0, 255, 255, 0, 255, 255, 0, 255, 255, 0, 255, 255, 0, 255, 255, 0, 
255, 255, 0, 255, 255, 0, 255, 255, 0, 255, 255, 0, 255, 255, 0, 253, 253, 0, 218, 218, 0, 202, 202, 0, 232, 232, 0, 255, 255, 0, 255, 255, 0, 255, 255, 0, 230, 230, 0, 216, 216, 0, 233, 233, 0, 255, 255, 0, 255, 255, 0, 255, 255, 0, 
255, 255, 0, 255, 255, 0, 255, 255, 0, 255, 255, 0, 255, 255, 0, 239, 239, 0, 62, 62, 0, 13, 13, 0, 168, 168, 0, 255, 255, 0, 255, 255, 0, 249, 249, 0, 90, 90, 0, 18, 18, 0, 139, 139, 0, 255, 255, 0, 255, 255, 0, 255, 255, 0, 
255, 255, 0, 255, 255, 0, 255, 255, 0, 255, 255, 0, 255, 255, 0, 225, 225, 0, 32, 32, 0, 6, 6, 0, 188, 188, 0, 255, 255, 0, 255, 255, 0, 239, 239, 0, 51, 51, 0, 0, 0, 0, 153, 153, 0, 255, 255, 0, 255, 255, 0, 255, 255, 0, 
255, 255, 0, 255, 255, 0, 255, 255, 0, 255, 255, 0, 255, 255, 0, 208, 208, 0, 17, 17, 0, 19, 19, 0, 211, 211, 0, 255, 255, 0, 255, 255, 0, 225, 225, 0, 33, 33, 0, 3, 3, 0, 179, 179, 0, 255, 255, 0, 255, 255, 0, 255, 255, 0, 
255, 255, 0, 255, 255, 0, 255, 255, 0, 255, 255, 0, 255, 255, 0, 187, 187, 0, 6, 6, 0, 36, 36, 0, 229, 229, 0, 255, 255, 0, 255, 255, 0, 208, 208, 0, 18, 18, 0, 14, 14, 0, 202, 202, 0, 255, 255, 0, 255, 255, 0, 255, 255, 0, 
255, 255, 0, 255, 255, 0, 255, 255, 0, 255, 255, 0, 255, 255, 0, 164, 164, 0, 0, 0, 0, 58, 58, 0, 243, 243, 0, 255, 255, 0, 255, 255, 0, 187, 187, 0, 6, 6, 0, 29, 29, 0, 222, 222, 0, 255, 255, 0, 255, 255, 0, 255, 255, 0, 
255, 255, 0, 243, 243, 0, 231, 231, 0, 231, 231, 0, 235, 235, 0, 127, 127, 0, 0, 0, 0, 70, 70, 0, 219, 219, 0, 223, 223, 0, 226, 226, 0, 144, 144, 0, 0, 0, 0, 37, 37, 0, 193, 193, 0, 209, 209, 0, 213, 213, 0, 246, 246, 0, 
255, 255, 0, 135, 135, 0, 31, 31, 0, 35, 35, 0, 36, 36, 0, 18, 18, 0, 0, 0, 0, 9, 9, 0, 25, 25, 0, 25, 25, 0, 25, 25, 0, 16, 16, 0, 0, 0, 0, 3, 3, 0, 13, 13, 0, 12, 12, 0, 43, 43, 0, 219, 219, 0, 
255, 255, 0, 149, 149, 0, 71, 71, 0, 74, 74, 0, 73, 73, 0, 22, 22, 0, 0, 0, 0, 49, 49, 0, 85, 85, 0, 83, 83, 0, 83, 83, 0, 33, 33, 0, 0, 0, 0, 42, 42, 0, 99, 99, 0, 97, 97, 0, 125, 125, 0, 239, 239, 0, 
255, 255, 0, 252, 252, 0, 250, 250, 0, 251, 251, 0, 241, 241, 0, 64, 64, 0, 0, 0, 0, 162, 162, 0, 255, 255, 0, 252, 252, 0, 250, 250, 0, 86, 86, 0, 0, 0, 0, 126, 126, 0, 255, 255, 0, 255, 255, 0, 255, 255, 0, 255, 255, 0, 
255, 255, 0, 255, 255, 0, 255, 255, 0, 255, 255, 0, 234, 234, 0, 43, 43, 0, 6, 6, 0, 188, 188, 0, 255, 255, 0, 255, 255, 0, 245, 245, 0, 62, 62, 0, 0, 0, 0, 153, 153, 0, 255, 255, 0, 255, 255, 0, 255, 255, 0, 255, 255, 0, 
255, 255, 0, 255, 255, 0, 255, 255, 0, 255, 255, 0, 219, 219, 0, 26, 26, 0, 18, 18, 0, 209, 209, 0, 255, 255, 0, 255, 255, 0, 232, 232, 0, 41, 41, 0, 2, 2, 0, 178, 178, 0, 255, 255, 0, 255, 255, 0, 255, 255, 0, 255, 255, 0, 
255, 255, 0, 255, 255, 0, 255, 255, 0, 255, 255, 0, 200, 200, 0, 12, 12, 0, 34, 34, 0, 227, 227, 0, 255, 255, 0, 255, 255, 0, 216, 216, 0, 23, 23, 0, 13, 13, 0, 201, 201, 0, 255, 255, 0, 255, 255, 0, 255, 255, 0, 255, 255, 0, 
255, 255, 0, 255, 255, 0, 255, 255, 0, 255, 255, 0, 177, 177, 0, 1, 1, 0, 54, 54, 0, 241, 241, 0, 255, 255, 0, 255, 255, 0, 195, 195, 0, 9, 9, 0, 28, 28, 0, 221, 221, 0, 255, 255, 0, 255, 255, 0, 255, 255, 0, 255, 255, 0, 
248, 248, 0, 210, 210, 0, 203, 203, 0, 206, 206, 0, 124, 124, 0, 0, 0, 0, 52, 52, 0, 182, 182, 0, 187, 187, 0, 190, 190, 0, 128, 128, 0, 1, 1, 0, 27, 27, 0, 151, 151, 0, 166, 166, 0, 165, 165, 0, 218, 218, 0, 255, 255, 0, 
214, 214, 0, 37, 37, 0, 10, 10, 0, 12, 12, 0, 7, 7, 0, 0, 0, 0, 2, 2, 0, 6, 6, 0, 6, 6, 0, 6, 6, 0, 4, 4, 0, 0, 0, 0, 1, 1, 0, 4, 4, 0, 4, 4, 0, 5, 5, 0, 164, 164, 0, 255, 255, 0, 
228, 228, 0, 137, 137, 0, 126, 126, 0, 126, 126, 0, 43, 43, 0, 0, 0, 0, 80, 80, 0, 149, 149, 0, 146, 146, 0, 147, 147, 0, 64, 64, 0, 0, 0, 0, 66, 66, 0, 169, 169, 0, 169, 169, 0, 170, 170, 0, 229, 229, 0, 255, 255, 0, 
255, 255, 0, 255, 255, 0, 255, 255, 0, 248, 248, 0, 71, 71, 0, 0, 0, 0, 158, 158, 0, 255, 255, 0, 255, 255, 0, 254, 254, 0, 93, 93, 0, 0, 0, 0, 121, 121, 0, 255, 255, 0, 255, 255, 0, 255, 255, 0, 255, 255, 0, 255, 255, 0, 
255, 255, 0, 255, 255, 0, 255, 255, 0, 237, 237, 0, 48, 48, 0, 3, 3, 0, 182, 182, 0, 255, 255, 0, 255, 255, 0, 247, 247, 0, 67, 67, 0, 0, 0, 0, 147, 147, 0, 255, 255, 0, 255, 255, 0, 255, 255, 0, 255, 255, 0, 255, 255, 0, 
255, 255, 0, 255, 255, 0, 255, 255, 0, 222, 222, 0, 29, 29, 0, 14, 14, 0, 204, 204, 0, 255, 255, 0, 255, 255, 0, 235, 235, 0, 45, 45, 0, 0, 0, 0, 172, 172, 0, 255, 255, 0, 255, 255, 0, 255, 255, 0, 255, 255, 0, 255, 255, 0, 
255, 255, 0, 255, 255, 0, 255, 255, 0, 203, 203, 0, 14, 14, 0, 28, 28, 0, 222, 222, 0, 255, 255, 0, 255, 255, 0, 220, 220, 0, 27, 27, 0, 9, 9, 0, 195, 195, 0, 255, 255, 0, 255, 255, 0, 255, 255, 0, 255, 255, 0, 255, 255, 0, 
255, 255, 0, 255, 255, 0, 255, 255, 0, 180, 180, 0, 3, 3, 0, 46, 46, 0, 236, 236, 0, 255, 255, 0, 255, 255, 0, 200, 200, 0, 12, 12, 0, 22, 22, 0, 214, 214, 0, 255, 255, 0, 255, 255, 0, 255, 255, 0, 255, 255, 0, 255, 255, 0, 
255, 255, 0, 255, 255, 0, 255, 255, 0, 175, 175, 0, 41, 41, 0, 99, 99, 0, 247, 247, 0, 255, 255, 0, 255, 255, 0, 188, 188, 0, 35, 35, 0, 72, 72, 0, 234, 234, 0, 255, 255, 0, 255, 255, 0, 255, 255, 0, 255, 255, 0, 255, 255, 0, 
255, 255, 0, 255, 255, 0, 255, 255, 0, 246, 246, 0, 234, 234, 0, 242, 242, 0, 255, 255, 0, 255, 255, 0, 255, 255, 0, 243, 243, 0, 226, 226, 0, 237, 237, 0, 254, 254, 0, 255, 255, 0, 255, 255, 0, 255, 255, 0, 255, 255, 0, 255, 255, 0, 
255, 255, 0, 255, 255, 0, 255, 255, 0, 255, 255, 0, 255, 255, 0, 255, 255, 0, 255, 255, 0, 255, 255, 0, 255, 255, 0, 255, 255, 0, 255, 255, 0, 255, 255, 0, 255, 255, 0, 255, 255, 0, 255, 255, 0, 255, 255, 0, 255, 255, 0, 255, 255, 0, 
255, 255, 0, 255, 255, 0, 255, 255, 0, 255, 255, 0, 255, 255, 0, 255, 255, 0, 255, 255, 0, 255, 255, 0, 255, 255, 0, 255, 255, 0, 255, 255, 0, 255, 255, 0, 255, 255, 0, 255, 255, 0, 255, 255, 0, 255, 255, 0, 255, 255, 0, 255, 255, 0, 
255, 255, 0, 255, 255, 0, 255, 255, 0, 255, 255, 0, 255, 255, 0, 255, 255, 0, 255, 255, 0, 255, 255, 0, 255, 255, 0, 255, 255, 0, 255, 255, 0, 255, 255, 0, 255, 255, 0, 255, 255, 0, 255, 255, 0, 255, 255, 0, 255, 255, 0, 255, 255, 0, 
255, 255, 0, 255, 255, 0, 255, 255, 0, 255, 255, 0, 255, 255, 0, 255, 255, 0, 255, 255, 0, 255, 255, 0, 255, 255, 0, 255, 255, 0, 255, 255, 0, 255, 255, 0, 255, 255, 0, 255, 255, 0, 255, 255, 0, 255, 255, 0, 255, 255, 0, 255, 255, 0, 
255, 255, 0, 255, 255, 0, 255, 255, 0, 255, 255, 0, 255, 255, 0, 255, 255, 0, 255, 255, 0, 255, 255, 0, 255, 255, 0, 255, 255, 0, 255, 255, 0, 255, 255, 0, 255, 255, 0, 255, 255, 0, 255, 255, 0, 255, 255, 0, 255, 255, 0, 255, 255, 0, 
255, 255, 0, 255, 255, 0, 255, 255, 0, 255, 255, 0, 255, 255, 0, 255, 255, 0, 255, 255, 0, 255, 255, 0, 255, 255, 0, 255, 255, 0, 255, 255, 0, 255, 255, 0, 255, 255, 0, 255, 255, 0, 255, 255, 0, 255, 255, 0, 255, 255, 0, 255, 255, 0, 
255, 255, 0, 255, 255, 0, 255, 255, 0, 255, 255, 0, 255, 255, 0, 255, 255, 0, 255, 255, 0, 255, 255, 0, 255, 255, 0, 255, 255, 0, 255, 255, 0, 255, 255, 0, 255, 255, 0, 255, 255, 0, 255, 255, 0, 255, 255, 0, 255, 255, 0, 255, 255, 0, 
