255, 255, 0, 255, 255, 0, 255, 255, 0, 255, 255, 0, 255, 255, 0, 255, 255, 0, 255, 255, 0, 255, 255, 0, 255, 255, 0, 255, 255, 0, 255, 255, 0, 255, 255, 0, 255, 255, 0, 255, 255, 0, 255, 255, 0, 255, 255, 0, 255, 255, 0, 255, 255, 0, 
255, 255, 0, 255, 255, 0, 255, 255, 0, 255, 255, 0, 255, 255, 0, 255, 255, 0, 255, 255, 0, 255, 255, 0, 255, 255, 0, 255, 255, 0, 255, 255, 0, 255, 255, 0, 255, 255, 0, 255, 255, 0, 255, 255, 0, 255, 255, 0, 255, 255, 0, 255, 255, 0, 
255, 255, 0, 255, 255, 0, 255, 255, 0, 255, 255, 0, 255, 255, 0, 255, 255, 0, 255, 255, 0, 255, 255, 0, 255, 255, 0, 255, 255, 0, 255, 255, 0, 255, 255, 0, 255, 255, 0, 255, 255, 0, 255, 255, 0, 255, 255, 0, 255, 255, 0, 255, 255, 0, 
255, 255, 0, 255, 255, 0, 255, 255, 0, 255, 255, 0, 255, 255, 0, 255, 255, 0, 255, 255, 0, 255, 255, 0, 255, 255, 0, 255, 255, 0, 255, 255, 0, 255, 255, 0, 255, 255, 0, 255, 255, 0, 255, 255, 0, 255, 255, 0, 255, 255, 0, 255, 255, 0, 
255, 255, 0, 255, 255, 0, 255, 255, 0, 255, 255, 0, 255, 255, 0, 255, 255, 0, 255, 255, 0, 255, 255, 0, 255, 255, 0, 255, 255, 0, 255, 255, 0, 255, 255, 0, 255, 255, 0, 255, 255, 0, 255, 255, 0, 255, 255, 0, 255, 255, 0, 255, 255, 0, 
255, 255, 0, 255, 255, 0, 255, 255, 0, 255, 255, 0, 255, 255, 0, 255, 255, 0, 246, 246, 0, 208, 208, 0, 174, 174, 0, 168, 168, 0, 190, 190, 0, 230, 230, 0, 254, 254, 0, 255, 255, 0, 255, 255, 0, 255, 255, 0, 255, 255, 0, 255, 255, 0, 
255, 255, 0, 255, 255, 0, 255, 255, 0, 255, 255, 0, 254, 254, 0, 197, 197, 0, 82, 82, 0, 18, 18, 0, 1, 1, 0, 0, 0, 0, 7, 7, 0, 44, 44, 0, 142, 142, 0, 241, 241, 0, 255, 255, 0, 255, 255, 0, 255, 255, 0, 255, 255, 0, 
255, 255, 0, 255, 255, 0, 255, 255, 0, 255, 255, 0, 177, 177, 0, 28, 28, 0, 0, 0, 0, 23, 23, 0, 68, 68, 0, 71, 71, 0, 28, 28, 0, 0, 0, 0, 4, 4, 0, 104, 104, 0, 243, 243, 0, 255, 255, 0, 255, 255, 0, 255, 255, 0, 
255, 255, 0, 255, 255, 0, 255, 255, 0, 217, 217, 0, 41, 41, 0, 0, 0, 0, 72, 72, 0, 204, 204, 0, 248, 248, 0, 249, 249, 0, 212, 212, 0, 85, 85, 0, 1, 1, 0, 5, 5, 0, 152, 152, 0, 255, 255, 0, 255, 255, 0, 255, 255, 0, 
255, 255, 0, 255, 255, 0, 255, 255, 0, 131, 131, 0, 0, 0, 0, 34, 34, 0, 214, 214, 0, 255, 255, 0, 255, 255, 0, 255, 255, 0, 255, 255, 0, 229, 229, 0, 55, 55, 0, 0, 0, 0, 59, 59, 0, 240, 240, 0, 255, 255, 0, 255, 255, 0, 
255, 255, 0, 255, 255, 0, 251, 251, 0, 80, 80, 0, 0, 0, 0, 86, 86, 0, 252, 252, 0, 255, 255, 0, 255, 255, 0, 255, 255, 0, 255, 255, 0, 255, 255, 0, 123, 123, 0, 0, 0, 0, 25, 25, 0, 217, 217, 0, 255, 255, 0, 255, 255, 0, 
255, 255, 0, 255, 255, 0, 248, 248, 0, 71, 71, 0, 0, 0, 0, 82, 82, 0, 251, 251, 0, 255, 255, 0, 255, 255, 0, 255, 255, 0, 255, 255, 0, 255, 255, 0, 127, 127, 0, 0, 0, 0, 26, 26, 0, 218, 218, 0, 255, 255, 0, 255, 255, 0, 
255, 255, 0, 255, 255, 0, 255, 255, 0, 103, 103, 0, 0, 0, 0, 32, 32, 0, 215, 215, 0, 255, 255, 0, 255, 255, 0, 255, 255, 0, 255, 255, 0, 244, 244, 0, 72, 72, 0, 0, 0, 0, 57, 57, 0, 240, 240, 0, 255, 255, 0, 255, 255, 0, 
255, 255, 0, 255, 255, 0, 255, 255, 0, 177, 177, 0, 10, 10, 0, 0, 0, 0, 94, 94, 0, 238, 238, 0, 255, 255, 0, 255, 255, 0, 255, 255, 0, 164, 164, 0, 10, 10, 0, 2, 2, 0, 142, 142, 0, 255, 255, 0, 255, 255, 0, 255, 255, 0, 
255, 255, 0, 255, 255, 0, 255, 255, 0, 246, 246, 0, 97, 97, 0, 0, 0, 0, 3, 3, 0, 81, 81, 0, 205, 205, 0, 251, 251, 0, 182, 182, 0, 32, 32, 0, 0, 0, 0, 78, 78, 0, 236, 236, 0, 255, 255, 0, 255, 255, 0, 255, 255, 0, 
255, 255, 0, 255, 255, 0, 255, 255, 0, 255, 255, 0, 229, 229, 0, 89, 89, 0, 6, 6, 0, 0, 0, 0, 28, 28, 0, 82, 82, 0, 23, 23, 0, 4, 4, 0, 82, 82, 0, 222, 222, 0, 255, 255, 0, 255, 255, 0, 255, 255, 0, 255, 255, 0, 
255, 255, 0, 255, 255, 0, 255, 255, 0, 255, 255, 0, 255, 255, 0, 212, 212, 0, 52, 52, 0, 0, 0, 0, 0, 0, 0, 0, 0, 0, 0, 0, 0, 33, 33, 0, 191, 191, 0, 255, 255, 0, 255, 255, 0, 255, 255, 0, 255, 255, 0, 255, 255, 0, 
255, 255, 0, 255, 255, 0, 255, 255, 0, 255, 255, 0, 192, 192, 0, 55, 55, 0, 2, 2, 0, 35, 35, 0, 95, 95, 0, 51, 51, 0, 5, 5, 0, 0, 0, 0, 33, 33, 0, 166, 166, 0, 253, 253, 0, 255, 255, 0, 255, 255, 0, 255, 255, 0, 
255, 255, 0, 255, 255, 0, 255, 255, 0, 190, 190, 0, 33, 33, 0, 0, 0, 0, 81, 81, 0, 213, 213, 0, 254, 254, 0, 234, 234, 0, 148, 148, 0, 32, 32, 0, 0, 0, 0, 19, 19, 0, 171, 171, 0, 255, 255, 0, 255, 255, 0, 255, 255, 0, 
255, 255, 0, 255, 255, 0, 228, 228, 0, 55, 55, 0, 0, 0, 0, 75, 75, 0, 232, 232, 0, 255, 255, 0, 255, 255, 0, 255, 255, 0, 255, 255, 0, 196, 196, 0, 40, 40, 0, 0, 0, 0, 42, 42, 0, 220, 220, 0, 255, 255, 0, 255, 255, 0, 
255, 255, 0, 255, 255, 0, 147, 147, 0, 0, 0, 0, 20, 20, 0, 198, 198, 0, 255, 255, 0, 255, 255, 0, 255, 255, 0, 255, 255, 0, 255, 255, 0, 255, 255, 0, 170, 170, 0, 10, 10, 0, 0, 0, 0, 138, 138, 0, 255, 255, 0, 255, 255, 0, 
255, 255, 0, 250, 250, 0, 79, 79, 0, 0, 0, 0, 69, 69, 0, 246, 246, 0, 255, 255, 0, 255, 255, 0, 255, 255, 0, 255, 255, 0, 255, 255, 0, 255, 255, 0, 240, 240, 0, 57, 57, 0, 0, 0, 0, 78, 78, 0, 250, 250, 0, 255, 255, 0, 
255, 255, 0, 241, 241, 0, 53, 53, 0, 0, 0, 0, 87, 87, 0, 253, 253, 0, 255, 255, 0, 255, 255, 0, 255, 255, 0, 255, 255, 0, 255, 255, 0, 255, 255, 0, 252, 252, 0, 83, 83, 0, 0, 0, 0, 57, 57, 0, 243, 243, 0, 255, 255, 0, 
255, 255, 0, 244, 244, 0, 62, 62, 0, 0, 0, 0, 57, 57, 0, 239, 239, 0, 255, 255, 0, 255, 255, 0, 255, 255, 0, 255, 255, 0, 255, 255, 0, 255, 255, 0, 241, 241, 0, 60, 60, 0, 0, 0, 0, 70, 70, 0, 247, 247, 0, 255, 255, 0, 
255, 255, 0, 255, 255, 0, 112, 112, 0, 0, 0, 0, 8, 8, 0, 157, 157, 0, 255, 255, 0, 255, 255, 0, 255, 255, 0, 255, 255, 0, 255, 255, 0, 255, 255, 0, 169, 169, 0, 11, 11, 0, 0, 0, 0, 125, 125, 0, 255, 255, 0, 255, 255, 0, 
255, 255, 0, 255, 255, 0, 199, 199, 0, 24, 24, 0, 0, 0, 0, 24, 24, 0, 149, 149, 0, 236, 236, 0, 254, 254, 0, 255, 255, 0, 239, 239, 0, 162, 162, 0, 32, 32, 0, 0, 0, 0, 33, 33, 0, 211, 211, 0, 255, 255, 0, 255, 255, 0, 
255, 255, 0, 255, 255, 0, 254, 254, 0, 146, 146, 0, 12, 12, 0, 0, 0, 0, 6, 6, 0, 51, 51, 0, 94, 94, 0, 97, 97, 0, 56, 56, 0, 8, 8, 0, 0, 0, 0, 16, 16, 0, 160, 160, 0, 255, 255, 0, 255, 255, 0, 255, 255, 0, 
255, 255, 0, 255, 255, 0, 255, 255, 0, 250, 250, 0, 166, 166, 0, 48, 48, 0, 4, 4, 0, 0, 0, 0, 0, 0, 0, 0, 0, 0, 0, 0, 0, 4, 4, 0, 52, 52, 0, 172, 172, 0, 252, 252, 0, 255, 255, 0, 255, 255, 0, 255, 255, 0, 
255, 255, 0, 255, 255, 0, 255, 255, 0, 255, 255, 0, 255, 255, 0, 230, 230, 0, 165, 165, 0, 108, 108, 0, 82, 82, 0, 82, 82, 0, 110, 110, 0, 167, 167, 0, 232, 232, 0, 255, 255, 0, 255, 255, 0, 255, 255, 0, 255, 255, 0, 255, 255, 0, 
255, 255, 0, 255, 255, 0, 255, 255, 0, 255, 255, 0, 255, 255, 0, 255, 255, 0, 255, 255, 0, 255, 255, 0, 252, 252, 0, 252, 252, 0, 255, 255, 0, 255, 255, 0, 255, 255, 0, 255, 255, 0, 255, 255, 0, 255, 255, 0, 255, 255, 0, 255, 255, 0, 
255, 255, 0, 255, 255, 0, 255, 255, 0, 255, 255, 0, 255, 255, 0, 255, 255, 0, 255, 255, 0, 255, 255, 0, 255, 255, 0, 255, 255, 0, 255, 255, 0, 255, 255, 0, 255, 255, 0, 255, 255, 0, 255, 255, 0, 255, 255, 0, 255, 255, 0, 255, 255, 0, 
255, 255, 0, 255, 255, 0, 255, 255, 0, 255, 255, 0, 255, 255, 0, 255, 255, 0, 255, 255, 0, 255, 255, 0, 255, 255, 0, 255, 255, 0, 255, 255, 0, 255, 255, 0, 255, 255, 0, 255, 255, 0, 255, 255, 0, 255, 255, 0, 255, 255, 0, 255, 255, 0, 
255, 255, 0, 255, 255, 0, 255, 255, 0, 255, 255, 0, 255, 255, 0, 255, 255, 0, 255, 255, 0, 255, 255, 0, 255, 255, 0, 255, 255, 0, 255, 255, 0, 255, 255, 0, 255, 255, 0, 255, 255, 0, 255, 255, 0, 255, 255, 0, 255, 255, 0, 255, 255, 0, 
255, 255, 0, 255, 255, 0, 255, 255, 0, 255, 255, 0, 255, 255, 0, 255, 255, 0, 255, 255, 0, 255, 255, 0, 255, 255, 0, 255, 255, 0, 255, 255, 0, 255, 255, 0, 255, 255, 0, 255, 255, 0, 255, 255, 0, 255, 255, 0, 255, 255, 0, 255, 255, 0, 
255, 255, 0, 255, 255, 0, 255, 255, 0, 255, 255, 0, 255, 255, 0, 255, 255, 0, 255, 255, 0, 255, 255, 0, 255, 255, 0, 255, 255, 0, 255, 255, 0, 255, 255, 0, 255, 255, 0, 255, 255, 0, 255, 255, 0, 255, 255, 0, 255, 255, 0, 255, 255, 0, 
255, 255, 0, 255, 255, 0, 255, 255, 0, 255, 255, 0, 255, 255, 0, 255, 255, 0, 255, 255, 0, 255, 255, 0, 255, 255, 0, 255, 255, 0, 255, 255, 0, 255, 255, 0, 255, 255, 0, 255, 255, 0, 255, 255, 0, 255, 255, 0, 255, 255, 0, 255, 255, 0, 
