255, 255, 0, 255, 255, 0, 255, 255, 0, 255, 255, 0, 255, 255, 0, 255, 255, 0, 255, 255, 0, 255, 255, 0, 255, 255, 0, 255, 255, 0, 255, 255, 0, 255, 255, 0, 255, 255, 0, 255, 255, 0, 255, 255, 0, 255, 255, 0, 255, 255, 0, 255, 255, 0, 
255, 255, 0, 255, 255, 0, 255, 255, 0, 255, 255, 0, 255, 255, 0, 255, 255, 0, 255, 255, 0, 255, 255, 0, 255, 255, 0, 255, 255, 0, 255, 255, 0, 255, 255, 0, 255, 255, 0, 255, 255, 0, 255, 255, 0, 255, 255, 0, 255, 255, 0, 255, 255, 0, 
255, 255, 0, 255, 255, 0, 255, 255, 0, 255, 255, 0, 255, 255, 0, 255, 255, 0, 255, 255, 0, 255, 255, 0, 255, 255, 0, 255, 255, 0, 255, 255, 0, 255, 255, 0, 255, 255, 0, 255, 255, 0, 255, 255, 0, 255, 255, 0, 255, 255, 0, 255, 255, 0, 
255, 255, 0, 255, 255, 0, 255, 255, 0, 255, 255, 0, 255, 255, 0, 255, 255, 0, 255, 255, 0, 255, 255, 0, 255, 255, 0, 255, 255, 0, 255, 255, 0, 255, 255, 0, 255, 255, 0, 255, 255, 0, 255, 255, 0, 255, 255, 0, 255, 255, 0, 255, 255, 0, 
255, 255, 0, 255, 255, 0, 255, 255, 0, 255, 255, 0, 255, 255, 0, 255, 255, 0, 255, 255, 0, 255, 255, 0, 255, 255, 0, 255, 255, 0, 255, 255, 0, 255, 255, 0, 255, 255, 0, 255, 255, 0, 255, 255, 0, 255, 255, 0, 255, 255, 0, 255, 255, 0, 
255, 255, 0, 244, 244, 0, 216, 216, 0, 215, 215, 0, 229, 229, 0, 255, 255, 0, 255, 255, 0, 255, 255, 0, 255, 255, 0, 255, 255, 0, 255, 255, 0, 255, 255, 0, 255, 255, 0, 247, 247, 0, 217, 217, 0, 215, 215, 0, 241, 241, 0, 255, 255, 0, 
255, 255, 0, 189, 189, 0, 28, 28, 0, 21, 21, 0, 143, 143, 0, 255, 255, 0, 255, 255, 0, 255, 255, 0, 255, 255, 0, 255, 255, 0, 255, 255, 0, 255, 255, 0, 255, 255, 0, 211, 211, 0, 38, 38, 0, 24, 24, 0, 175, 175, 0, 255, 255, 0, 
255, 255, 0, 182, 182, 0, 5, 5, 0, 2, 2, 0, 169, 169, 0, 255, 255, 0, 255, 255, 0, 255, 255, 0, 255, 255, 0, 255, 255, 0, 255, 255, 0, 255, 255, 0, 255, 255, 0, 206, 206, 0, 17, 17, 0, 1, 1, 0, 167, 167, 0, 255, 255, 0, 
255, 255, 0, 183, 183, 0, 5, 5, 0, 3, 3, 0, 172, 172, 0, 255, 255, 0, 255, 255, 0, 255, 255, 0, 255, 255, 0, 255, 255, 0, 255, 255, 0, 255, 255, 0, 255, 255, 0, 207, 207, 0, 17, 17, 0, 1, 1, 0, 167, 167, 0, 255, 255, 0, 
255, 255, 0, 183, 183, 0, 5, 5, 0, 3, 3, 0, 171, 171, 0, 255, 255, 0, 255, 255, 0, 255, 255, 0, 255, 255, 0, 255, 255, 0, 255, 255, 0, 255, 255, 0, 255, 255, 0, 207, 207, 0, 17, 17, 0, 1, 1, 0, 168, 168, 0, 255, 255, 0, 
255, 255, 0, 183, 183, 0, 5, 5, 0, 3, 3, 0, 171, 171, 0, 255, 255, 0, 255, 255, 0, 255, 255, 0, 255, 255, 0, 255, 255, 0, 255, 255, 0, 255, 255, 0, 255, 255, 0, 207, 207, 0, 17, 17, 0, 1, 1, 0, 168, 168, 0, 255, 255, 0, 
255, 255, 0, 183, 183, 0, 6, 6, 0, 3, 3, 0, 171, 171, 0, 255, 255, 0, 255, 255, 0, 255, 255, 0, 255, 255, 0, 255, 255, 0, 255, 255, 0, 255, 255, 0, 255, 255, 0, 207, 207, 0, 17, 17, 0, 1, 1, 0, 168, 168, 0, 255, 255, 0, 
255, 255, 0, 183, 183, 0, 6, 6, 0, 3, 3, 0, 171, 171, 0, 255, 255, 0, 255, 255, 0, 255, 255, 0, 255, 255, 0, 255, 255, 0, 255, 255, 0, 255, 255, 0, 255, 255, 0, 207, 207, 0, 17, 17, 0, 1, 1, 0, 169, 169, 0, 255, 255, 0, 
255, 255, 0, 184, 184, 0, 6, 6, 0, 3, 3, 0, 171, 171, 0, 255, 255, 0, 255, 255, 0, 255, 255, 0, 255, 255, 0, 255, 255, 0, 255, 255, 0, 255, 255, 0, 255, 255, 0, 208, 208, 0, 18, 18, 0, 1, 1, 0, 169, 169, 0, 255, 255, 0, 
255, 255, 0, 184, 184, 0, 6, 6, 0, 3, 3, 0, 171, 171, 0, 255, 255, 0, 255, 255, 0, 255, 255, 0, 255, 255, 0, 255, 255, 0, 255, 255, 0, 255, 255, 0, 255, 255, 0, 208, 208, 0, 18, 18, 0, 1, 1, 0, 169, 169, 0, 255, 255, 0, 
255, 255, 0, 184, 184, 0, 6, 6, 0, 3, 3, 0, 171, 171, 0, 255, 255, 0, 255, 255, 0, 255, 255, 0, 255, 255, 0, 255, 255, 0, 255, 255, 0, 255, 255, 0, 255, 255, 0, 208, 208, 0, 18, 18, 0, 1, 1, 0, 169, 169, 0, 255, 255, 0, 
255, 255, 0, 184, 184, 0, 6, 6, 0, 3, 3, 0, 171, 171, 0, 255, 255, 0, 255, 255, 0, 255, 255, 0, 255, 255, 0, 255, 255, 0, 255, 255, 0, 255, 255, 0, 255, 255, 0, 208, 208, 0, 18, 18, 0, 1, 1, 0, 169, 169, 0, 255, 255, 0, 
255, 255, 0, 184, 184, 0, 6, 6, 0, 3, 3, 0, 171, 171, 0, 255, 255, 0, 255, 255, 0, 255, 255, 0, 255, 255, 0, 255, 255, 0, 255, 255, 0, 255, 255, 0, 255, 255, 0, 208, 208, 0, 18, 18, 0, 1, 1, 0, 169, 169, 0, 255, 255, 0, 
255, 255, 0, 185, 185, 0, 6, 6, 0, 3, 3, 0, 171, 171, 0, 255, 255, 0, 255, 255, 0, 255, 255, 0, 255, 255, 0, 255, 255, 0, 255, 255, 0, 255, 255, 0, 255, 255, 0, 209, 209, 0, 18, 18, 0, 1, 1, 0, 169, 169, 0, 255, 255, 0, 
255, 255, 0, 185, 185, 0, 6, 6, 0, 3, 3, 0, 171, 171, 0, 255, 255, 0, 255, 255, 0, 255, 255, 0, 255, 255, 0, 255, 255, 0, 255, 255, 0, 255, 255, 0, 255, 255, 0, 209, 209, 0, 18, 18, 0, 1, 1, 0, 169, 169, 0, 255, 255, 0, 
255, 255, 0, 186, 186, 0, 7, 7, 0, 3, 3, 0, 171, 171, 0, 255, 255, 0, 255, 255, 0, 255, 255, 0, 255, 255, 0, 255, 255, 0, 255, 255, 0, 255, 255, 0, 255, 255, 0, 208, 208, 0, 18, 18, 0, 1, 1, 0, 170, 170, 0, 255, 255, 0, 
255, 255, 0, 190, 190, 0, 9, 9, 0, 1, 1, 0, 167, 167, 0, 255, 255, 0, 255, 255, 0, 255, 255, 0, 255, 255, 0, 255, 255, 0, 255, 255, 0, 255, 255, 0, 255, 255, 0, 203, 203, 0, 15, 15, 0, 3, 3, 0, 176, 176, 0, 255, 255, 0, 
255, 255, 0, 205, 205, 0, 17, 17, 0, 0, 0, 0, 146, 146, 0, 255, 255, 0, 255, 255, 0, 255, 255, 0, 255, 255, 0, 255, 255, 0, 255, 255, 0, 255, 255, 0, 255, 255, 0, 184, 184, 0, 7, 7, 0, 10, 10, 0, 194, 194, 0, 255, 255, 0, 
255, 255, 0, 229, 229, 0, 39, 39, 0, 0, 0, 0, 98, 98, 0, 253, 253, 0, 255, 255, 0, 255, 255, 0, 255, 255, 0, 255, 255, 0, 255, 255, 0, 255, 255, 0, 255, 255, 0, 134, 134, 0, 0, 0, 0, 30, 30, 0, 221, 221, 0, 255, 255, 0, 
255, 255, 0, 252, 252, 0, 95, 95, 0, 0, 0, 0, 28, 28, 0, 204, 204, 0, 255, 255, 0, 255, 255, 0, 255, 255, 0, 255, 255, 0, 255, 255, 0, 255, 255, 0, 226, 226, 0, 49, 49, 0, 0, 0, 0, 82, 82, 0, 248, 248, 0, 255, 255, 0, 
255, 255, 0, 255, 255, 0, 190, 190, 0, 19, 19, 0, 0, 0, 0, 64, 64, 0, 209, 209, 0, 254, 254, 0, 255, 255, 0, 255, 255, 0, 255, 255, 0, 228, 228, 0, 92, 92, 0, 0, 0, 0, 13, 13, 0, 178, 178, 0, 255, 255, 0, 255, 255, 0, 
255, 255, 0, 255, 255, 0, 252, 252, 0, 134, 134, 0, 7, 7, 0, 0, 0, 0, 31, 31, 0, 107, 107, 0, 159, 159, 0, 163, 163, 0, 121, 121, 0, 48, 48, 0, 1, 1, 0, 5, 5, 0, 120, 120, 0, 250, 250, 0, 255, 255, 0, 255, 255, 0, 
255, 255, 0, 255, 255, 0, 255, 255, 0, 247, 247, 0, 145, 145, 0, 33, 33, 0, 1, 1, 0, 0, 0, 0, 0, 0, 0, 0, 0, 0, 0, 0, 0, 1, 1, 0, 29, 29, 0, 138, 138, 0, 244, 244, 0, 255, 255, 0, 255, 255, 0, 255, 255, 0, 
255, 255, 0, 255, 255, 0, 255, 255, 0, 255, 255, 0, 254, 254, 0, 218, 218, 0, 149, 149, 0, 98, 98, 0, 76, 76, 0, 75, 75, 0, 96, 96, 0, 146, 146, 0, 215, 215, 0, 253, 253, 0, 255, 255, 0, 255, 255, 0, 255, 255, 0, 255, 255, 0, 
255, 255, 0, 255, 255, 0, 255, 255, 0, 255, 255, 0, 255, 255, 0, 255, 255, 0, 255, 255, 0, 254, 254, 0, 250, 250, 0, 250, 250, 0, 254, 254, 0, 255, 255, 0, 255, 255, 0, 255, 255, 0, 255, 255, 0, 255, 255, 0, 255, 255, 0, 255, 255, 0, 
255, 255, 0, 255, 255, 0, 255, 255, 0, 255, 255, 0, 255, 255, 0, 255, 255, 0, 255, 255, 0, 255, 255, 0, 255, 255, 0, 255, 255, 0, 255, 255, 0, 255, 255, 0, 255, 255, 0, 255, 255, 0, 255, 255, 0, 255, 255, 0, 255, 255, 0, 255, 255, 0, 
255, 255, 0, 255, 255, 0, 255, 255, 0, 255, 255, 0, 255, 255, 0, 255, 255, 0, 255, 255, 0, 255, 255, 0, 255, 255, 0, 255, 255, 0, 255, 255, 0, 255, 255, 0, 255, 255, 0, 255, 255, 0, 255, 255, 0, 255, 255, 0, 255, 255, 0, 255, 255, 0, 
255, 255, 0, 255, 255, 0, 255, 255, 0, 255, 255, 0, 255, 255, 0, 255, 255, 0, 255, 255, 0, 255, 255, 0, 255, 255, 0, 255, 255, 0, 255, 255, 0, 255, 255, 0, 255, 255, 0, 255, 255, 0, 255, 255, 0, 255, 255, 0, 255, 255, 0, 255, 255, 0, 
255, 255, 0, 255, 255, 0, 255, 255, 0, 255, 255, 0, 255, 255, 0, 255, 255, 0, 255, 255, 0, 255, 255, 0, 255, 255, 0, 255, 255, 0, 255, 255, 0, 255, 255, 0, 255, 255, 0, 255, 255, 0, 255, 255, 0, 255, 255, 0, 255, 255, 0, 255, 255, 0, 
255, 255, 0, 255, 255, 0, 255, 255, 0, 255, 255, 0, 255, 255, 0, 255, 255, 0, 255, 255, 0, 255, 255, 0, 255, 255, 0, 255, 255, 0, 255, 255, 0, 255, 255, 0, 255, 255, 0, 255, 255, 0, 255, 255, 0, 255, 255, 0, 255, 255, 0, 255, 255, 0, 
255, 255, 0, 255, 255, 0, 255, 255, 0, 255, 255, 0, 255, 255, 0, 255, 255, 0, 255, 255, 0, 255, 255, 0, 255, 255, 0, 255, 255, 0, 255, 255, 0, 255, 255, 0, 255, 255, 0, 255, 255, 0, 255, 255, 0, 255, 255, 0, 255, 255, 0, 255, 255, 0, 
