255, 255, 0, 255, 255, 0, 255, 255, 0, 255, 255, 0, 255, 255, 0, 255, 255, 0, 255, 255, 0, 255, 255, 0, 255, 255, 0, 255, 255, 0, 255, 255, 0, 255, 255, 0, 255, 255, 0, 255, 255, 0, 255, 255, 0, 255, 255, 0, 255, 255, 0, 255, 255, 0, 
255, 255, 0, 255, 255, 0, 255, 255, 0, 255, 255, 0, 255, 255, 0, 255, 255, 0, 255, 255, 0, 255, 255, 0, 255, 255, 0, 255, 255, 0, 255, 255, 0, 255, 255, 0, 255, 255, 0, 255, 255, 0, 255, 255, 0, 255, 255, 0, 255, 255, 0, 255, 255, 0, 
255, 255, 0, 255, 255, 0, 255, 255, 0, 255, 255, 0, 255, 255, 0, 255, 255, 0, 255, 255, 0, 255, 255, 0, 255, 255, 0, 255, 255, 0, 255, 255, 0, 255, 255, 0, 255, 255, 0, 255, 255, 0, 255, 255, 0, 255, 255, 0, 255, 255, 0, 255, 255, 0, 
255, 255, 0, 255, 255, 0, 255, 255, 0, 255, 255, 0, 255, 255, 0, 255, 255, 0, 255, 255, 0, 255, 255, 0, 255, 255, 0, 255, 255, 0, 255, 255, 0, 255, 255, 0, 255, 255, 0, 255, 255, 0, 255, 255, 0, 255, 255, 0, 255, 255, 0, 255, 255, 0, 
255, 255, 0, 245, 245, 0, 137, 137, 0, 107, 107, 0, 130, 130, 0, 237, 237, 0, 255, 255, 0, 255, 255, 0, 255, 255, 0, 255, 255, 0, 255, 255, 0, 255, 255, 0, 255, 255, 0, 255, 255, 0, 255, 255, 0, 255, 255, 0, 255, 255, 0, 255, 255, 0, 
255, 255, 0, 238, 238, 0, 48, 48, 0, 0, 0, 0, 66, 66, 0, 246, 246, 0, 255, 255, 0, 255, 255, 0, 255, 255, 0, 255, 255, 0, 255, 255, 0, 255, 255, 0, 255, 255, 0, 255, 255, 0, 255, 255, 0, 255, 255, 0, 255, 255, 0, 255, 255, 0, 
255, 255, 0, 238, 238, 0, 48, 48, 0, 0, 0, 0, 71, 71, 0, 249, 249, 0, 255, 255, 0, 255, 255, 0, 255, 255, 0, 255, 255, 0, 255, 255, 0, 255, 255, 0, 255, 255, 0, 255, 255, 0, 255, 255, 0, 255, 255, 0, 255, 255, 0, 255, 255, 0, 
255, 255, 0, 238, 238, 0, 48, 48, 0, 0, 0, 0, 71, 71, 0, 249, 249, 0, 255, 255, 0, 255, 255, 0, 255, 255, 0, 255, 255, 0, 255, 255, 0, 255, 255, 0, 255, 255, 0, 255, 255, 0, 255, 255, 0, 255, 255, 0, 255, 255, 0, 255, 255, 0, 
255, 255, 0, 238, 238, 0, 48, 48, 0, 0, 0, 0, 71, 71, 0, 249, 249, 0, 255, 255, 0, 255, 255, 0, 255, 255, 0, 255, 255, 0, 255, 255, 0, 255, 255, 0, 255, 255, 0, 255, 255, 0, 255, 255, 0, 255, 255, 0, 255, 255, 0, 255, 255, 0, 
255, 255, 0, 238, 238, 0, 48, 48, 0, 0, 0, 0, 71, 71, 0, 249, 249, 0, 255, 255, 0, 255, 255, 0, 255, 255, 0, 255, 255, 0, 255, 255, 0, 255, 255, 0, 255, 255, 0, 255, 255, 0, 255, 255, 0, 255, 255, 0, 255, 255, 0, 255, 255, 0, 
255, 255, 0, 238, 238, 0, 48, 48, 0, 0, 0, 0, 71, 71, 0, 249, 249, 0, 255, 255, 0, 255, 255, 0, 255, 255, 0, 255, 255, 0, 255, 255, 0, 255, 255, 0, 255, 255, 0, 255, 255, 0, 255, 255, 0, 255, 255, 0, 255, 255, 0, 255, 255, 0, 
255, 255, 0, 238, 238, 0, 48, 48, 0, 0, 0, 0, 71, 71, 0, 249, 249, 0, 255, 255, 0, 226, 226, 0, 170, 170, 0, 140, 140, 0, 151, 151, 0, 192, 192, 0, 239, 239, 0, 255, 255, 0, 255, 255, 0, 255, 255, 0, 255, 255, 0, 255, 255, 0, 
255, 255, 0, 238, 238, 0, 48, 48, 0, 0, 0, 0, 72, 72, 0, 240, 240, 0, 151, 151, 0, 38, 38, 0, 2, 2, 0, 0, 0, 0, 0, 0, 0, 11, 11, 0, 64, 64, 0, 183, 183, 0, 253, 253, 0, 255, 255, 0, 255, 255, 0, 255, 255, 0, 
255, 255, 0, 238, 238, 0, 48, 48, 0, 0, 0, 0, 66, 66, 0, 121, 121, 0, 8, 8, 0, 32, 32, 0, 68, 68, 0, 59, 59, 0, 23, 23, 0, 1, 1, 0, 0, 0, 0, 22, 22, 0, 170, 170, 0, 255, 255, 0, 255, 255, 0, 255, 255, 0, 
255, 255, 0, 238, 238, 0, 48, 48, 0, 0, 0, 0, 14, 14, 0, 19, 19, 0, 116, 116, 0, 223, 223, 0, 248, 248, 0, 243, 243, 0, 209, 209, 0, 103, 103, 0, 7, 7, 0, 0, 0, 0, 36, 36, 0, 212, 212, 0, 255, 255, 0, 255, 255, 0, 
255, 255, 0, 238, 238, 0, 48, 48, 0, 0, 0, 0, 0, 0, 0, 114, 114, 0, 249, 249, 0, 255, 255, 0, 255, 255, 0, 255, 255, 0, 255, 255, 0, 246, 246, 0, 108, 108, 0, 0, 0, 0, 0, 0, 0, 115, 115, 0, 255, 255, 0, 255, 255, 0, 
255, 255, 0, 238, 238, 0, 48, 48, 0, 0, 0, 0, 22, 22, 0, 209, 209, 0, 255, 255, 0, 255, 255, 0, 255, 255, 0, 255, 255, 0, 255, 255, 0, 255, 255, 0, 220, 220, 0, 37, 37, 0, 0, 0, 0, 42, 42, 0, 230, 230, 0, 255, 255, 0, 
255, 255, 0, 238, 238, 0, 48, 48, 0, 0, 0, 0, 49, 49, 0, 238, 238, 0, 255, 255, 0, 255, 255, 0, 255, 255, 0, 255, 255, 0, 255, 255, 0, 255, 255, 0, 254, 254, 0, 101, 101, 0, 0, 0, 0, 11, 11, 0, 194, 194, 0, 255, 255, 0, 
255, 255, 0, 238, 238, 0, 48, 48, 0, 0, 0, 0, 65, 65, 0, 246, 246, 0, 255, 255, 0, 255, 255, 0, 255, 255, 0, 255, 255, 0, 255, 255, 0, 255, 255, 0, 255, 255, 0, 148, 148, 0, 0, 0, 0, 1, 1, 0, 163, 163, 0, 255, 255, 0, 
255, 255, 0, 238, 238, 0, 48, 48, 0, 0, 0, 0, 71, 71, 0, 249, 249, 0, 255, 255, 0, 255, 255, 0, 255, 255, 0, 255, 255, 0, 255, 255, 0, 255, 255, 0, 255, 255, 0, 173, 173, 0, 3, 3, 0, 0, 0, 0, 148, 148, 0, 255, 255, 0, 
255, 255, 0, 238, 238, 0, 48, 48, 0, 0, 0, 0, 71, 71, 0, 249, 249, 0, 255, 255, 0, 255, 255, 0, 255, 255, 0, 255, 255, 0, 255, 255, 0, 255, 255, 0, 255, 255, 0, 181, 181, 0, 5, 5, 0, 0, 0, 0, 150, 150, 0, 255, 255, 0, 
255, 255, 0, 238, 238, 0, 48, 48, 0, 0, 0, 0, 66, 66, 0, 247, 247, 0, 255, 255, 0, 255, 255, 0, 255, 255, 0, 255, 255, 0, 255, 255, 0, 255, 255, 0, 255, 255, 0, 171, 171, 0, 3, 3, 0, 1, 1, 0, 166, 166, 0, 255, 255, 0, 
255, 255, 0, 238, 238, 0, 48, 48, 0, 0, 0, 0, 53, 53, 0, 240, 240, 0, 255, 255, 0, 255, 255, 0, 255, 255, 0, 255, 255, 0, 255, 255, 0, 255, 255, 0, 255, 255, 0, 135, 135, 0, 0, 0, 0, 12, 12, 0, 196, 196, 0, 255, 255, 0, 
255, 255, 0, 238, 238, 0, 48, 48, 0, 0, 0, 0, 29, 29, 0, 220, 220, 0, 255, 255, 0, 255, 255, 0, 255, 255, 0, 255, 255, 0, 255, 255, 0, 255, 255, 0, 242, 242, 0, 67, 67, 0, 0, 0, 0, 45, 45, 0, 232, 232, 0, 255, 255, 0, 
255, 255, 0, 238, 238, 0, 48, 48, 0, 0, 0, 0, 3, 3, 0, 152, 152, 0, 255, 255, 0, 255, 255, 0, 255, 255, 0, 255, 255, 0, 255, 255, 0, 255, 255, 0, 154, 154, 0, 7, 7, 0, 0, 0, 0, 116, 116, 0, 255, 255, 0, 255, 255, 0, 
255, 255, 0, 238, 238, 0, 48, 48, 0, 0, 0, 0, 0, 0, 0, 32, 32, 0, 167, 167, 0, 242, 242, 0, 255, 255, 0, 254, 254, 0, 236, 236, 0, 150, 150, 0, 23, 23, 0, 0, 0, 0, 34, 34, 0, 212, 212, 0, 255, 255, 0, 255, 255, 0, 
255, 255, 0, 238, 238, 0, 48, 48, 0, 0, 0, 0, 68, 68, 0, 36, 36, 0, 8, 8, 0, 61, 61, 0, 105, 105, 0, 99, 99, 0, 51, 51, 0, 7, 7, 0, 0, 0, 0, 15, 15, 0, 160, 160, 0, 255, 255, 0, 255, 255, 0, 255, 255, 0, 
255, 255, 0, 238, 238, 0, 47, 47, 0, 12, 12, 0, 194, 194, 0, 194, 194, 0, 54, 54, 0, 1, 1, 0, 0, 0, 0, 0, 0, 0, 0, 0, 0, 1, 1, 0, 36, 36, 0, 161, 161, 0, 251, 251, 0, 255, 255, 0, 255, 255, 0, 255, 255, 0, 
255, 255, 0, 248, 248, 0, 173, 173, 0, 171, 171, 0, 246, 246, 0, 255, 255, 0, 230, 230, 0, 153, 153, 0, 93, 93, 0, 73, 73, 0, 89, 89, 0, 143, 143, 0, 218, 218, 0, 254, 254, 0, 255, 255, 0, 255, 255, 0, 255, 255, 0, 255, 255, 0, 
255, 255, 0, 255, 255, 0, 255, 255, 0, 255, 255, 0, 255, 255, 0, 255, 255, 0, 255, 255, 0, 255, 255, 0, 253, 253, 0, 250, 250, 0, 253, 253, 0, 255, 255, 0, 255, 255, 0, 255, 255, 0, 255, 255, 0, 255, 255, 0, 255, 255, 0, 255, 255, 0, 
255, 255, 0, 255, 255, 0, 255, 255, 0, 255, 255, 0, 255, 255, 0, 255, 255, 0, 255, 255, 0, 255, 255, 0, 255, 255, 0, 255, 255, 0, 255, 255, 0, 255, 255, 0, 255, 255, 0, 255, 255, 0, 255, 255, 0, 255, 255, 0, 255, 255, 0, 255, 255, 0, 
255, 255, 0, 255, 255, 0, 255, 255, 0, 255, 255, 0, 255, 255, 0, 255, 255, 0, 255, 255, 0, 255, 255, 0, 255, 255, 0, 255, 255, 0, 255, 255, 0, 255, 255, 0, 255, 255, 0, 255, 255, 0, 255, 255, 0, 255, 255, 0, 255, 255, 0, 255, 255, 0, 
255, 255, 0, 255, 255, 0, 255, 255, 0, 255, 255, 0, 255, 255, 0, 255, 255, 0, 255, 255, 0, 255, 255, 0, 255, 255, 0, 255, 255, 0, 255, 255, 0, 255, 255, 0, 255, 255, 0, 255, 255, 0, 255, 255, 0, 255, 255, 0, 255, 255, 0, 255, 255, 0, 
255, 255, 0, 255, 255, 0, 255, 255, 0, 255, 255, 0, 255, 255, 0, 255, 255, 0, 255, 255, 0, 255, 255, 0, 255, 255, 0, 255, 255, 0, 255, 255, 0, 255, 255, 0, 255, 255, 0, 255, 255, 0, 255, 255, 0, 255, 255, 0, 255, 255, 0, 255, 255, 0, 
255, 255, 0, 255, 255, 0, 255, 255, 0, 255, 255, 0, 255, 255, 0, 255, 255, 0, 255, 255, 0, 255, 255, 0, 255, 255, 0, 255, 255, 0, 255, 255, 0, 255, 255, 0, 255, 255, 0, 255, 255, 0, 255, 255, 0, 255, 255, 0, 255, 255, 0, 255, 255, 0, 
255, 255, 0, 255, 255, 0, 255, 255, 0, 255, 255, 0, 255, 255, 0, 255, 255, 0, 255, 255, 0, 255, 255, 0, 255, 255, 0, 255, 255, 0, 255, 255, 0, 255, 255, 0, 255, 255, 0, 255, 255, 0, 255, 255, 0, 255, 255, 0, 255, 255, 0, 255, 255, 0, 
